352.2853
282.8008
169.2699
172.3703
199.7844
369.4313
295.4425
303.6787
272.4721
320.4943
407.3728
253.827
333.9051
312.5275
466.691
261.702
341.3345
331.3328
378.4314
420.8417
330.9955
438.6196
775.9409
220.1445
230.4958
310.921
430.4904
270.6233
195.8518
173.1029
435.9554
390.142
406.4932
282.1676
311.6696
284.0069
262.0148
273.532
356.0779
405.1947
242.2703
293.7655
265.8388
425.3085
419.1227
357.451
301.6073
324.8662
325.4869
249.8942
436.1211
246.8824
347.625
244.7412
363.9415
268.818
517.3383
564.1854
481.4923
326.4124
255.7166
294.4395
268.8529
411.9448
457.6312
397.1542
455.5797
371.7496
466.8337
240.7647
360.7398
273.1564
211.4179
216.8965
155.9764
427.1149
235.4773
334.0636
359.9242
425.6341
549.4363
275.5878
276.6894
326.234
377.6341
269.6111
209.9648
453.7881
194.2047
320.0599
306.3103
243.8693
319.0679
254.5562
314.0132
401.1168
321.4895
240.9181
321.4845
283.2505
311.9519
333.001
518.6096
274.5587
581.1467
436.0157
331.6911
219.9113
281.5011
374.1065
405.3435
311.5514
251.8974
386.0636
369.7354
346.686
420.5883
367.4927
280.1815
261.9237
423.273
304.3504
431.7004
296.7618
368.2619
311.7044
263.4778
418.3011
225.9019
199.3798
300.0652
519.5807
533.929
388.0279
317.6282
381.1984
264.1966
408.494
370.4837
453.8249
266.185
229.2176
392.6513
344.6403
298.4791
299.9267
279.3422
382.4619
403.1603
317.0089
218.0371
325.6405
244.9554
109.91
142.4286
222.9474
307.8939
289.8791
297.7124
240.665
204.3646
274.5145
334.7308
193.5875
295.857
353.2359
331.8544
325.9808
312.2462
307.5837
395.1376
503.296
400.1274
245.997
163.7968
187.3802
202.55
252.5983
204.356
458.4013
266.5158
399.1411
449.341
262.1073
350.8275
306.3795
284.4265
328.4626
318.1452
364.1361
381.8802
283.2634
249.9693
396.2195
244.0958
251.5323
336.7127
243.681
278.3059
352.9609
405.4776
588.1332
565.0963
389.9001
177.761
311.4601
261.0417
310.8966
241.0426
288.2908
432.8687
445.5306
416.2034
262.2914
343.03
270.0111
309.8
279.0214
251.8498
288.8889
327.6973
303.3732
287.9925
324.6901
387.5005
282.1992
348.3862
579.1916
190.4706
427.5215
241.103
345.7985
383.865
382.703
236.0943
397.9904
275.1412
361.1998
393.3384
442.1074
350.827
320.1884
388.243
333.684
291.6485
424.9989
515.6332
425.2865
328.2
468.673
348.8827
285.316
280.8743
353.6683
315.2558
246.7359
307.0924
306.0192
451.5015
362.0789
325.8161
377.0812
420.9629
585.8839
434.8568
327.271
238.829
223.0447
300.5486
293.1964
285.7871
337.9814
384.3239
298.7718
265.163
322.4276
333.9104
265.2571
413.0128
258.6225
352.7346
236.7438
366.947
276.4527
361.4504
356.8542
376.0874
319.9152
278.8484
235.3257
368.7619
233.3238
238.0456
247.3737
299.1974
471.2583
255.9709
235.1132
236.6859
370.2154
303.1232
300.6442
342.2239
374.9216
422.8008
275.4243
392.7069
320.4902
394.7007
440.8685
432.2496
307.6559
484.933
303.1698
402.8733
446.0458
480.9237
305.7118
307.2449
244.1039
261.594
319.6008
414.9654
292.0419
348.9206
343.7781
335.2436
399.3824
294.2815
307.4317
382.1834
232.4616
221.7434
359.0501
372.7173
311.0913
372.2142
510.0613
332.5138
407.3514
369.7445
330.7331
460.5381
300.277
371.4919
395.6658
205.3635
328.2055
359.4608
341.8871
218.3787
244.7019
356.7895
433.6643
339.6286
511.3044
372.2508
535.5677
459.1912
397.5042
584.405
431.3254
299.6611
276.1112
322.8021
255.4634
233.2785
372.0805
362.5811
319.2069
298.2468
260.3965
350.2101
357.8437
366.2749
256.6338
435.1083
384.5732
392.3725
343.5878
258.3311
414.6123
334.9441
342.4418
468.9094
325.5206
448.3009
413.0633
326.4824
243.4628
374.0382
273.1882
353.9179
302.0304
262.6029
256.501
339.8477
377.7946
296.0756
543.4947
440.0427
343.8472
408.7386
277.8224
155.8663
177.562
297.71
315.3501
412.8224
408.3145
497.5976
257.0007
301.9299
397.4712
380.8376
416.0718
652.9704
416.7318
237.9849
197.7519
315.8152
480.4791
335.9722
309.4938
318.5871
213.4708
301.9099
188.3113
266.7749
503.7807
547.1416
388.7464
434.2195
303.6515
292.6412
350.6327
286.627
409.2804
371.9797
460.404
388.8556
396.9124
565.4291
306.8587
389.3587
367.6193
393.1728
227.5042
302.3255
283.6506
231.542
214.1958
336.026
311.2343
314.6923
299.7002
224.0983
317.9274
300.7723
270.8822
465.2019
