4.075915e-08
4.434803e-08
3.859428e-08
4.858797e-08
5.586993e-08
4.620497e-08
3.101353e-08
2.80982e-08
3.727403e-08
4.01386e-08
4.364657e-08
2.926895e-08
2.073235e-08
2.282223e-08
2.565397e-08
4.007742e-08
3.040512e-08
3.671866e-08
3.821926e-08
3.59796e-08
3.652586e-08
2.891933e-08
3.81502e-08
4.818832e-08
5.426271e-08
6.247178e-08
7.022238e-08
5.839611e-08
5.825852e-08
6.585477e-08
5.024067e-08
4.953713e-08
3.881059e-08
4.811892e-08
5.660442e-08
4.987397e-08
6.779796e-08
4.932394e-08
5.112047e-08
3.89899e-08
4.849664e-08
5.27026e-08
3.833601e-08
3.517195e-08
3.442027e-08
3.8954e-08
3.463671e-08
3.435448e-08
4.761209e-08
3.78857e-08
4.60951e-08
6.39697e-08
5.346009e-08
7.877153e-08
4.079369e-08
2.942277e-08
2.868378e-08
2.966845e-08
2.891764e-08
3.666437e-08
4.330788e-08
3.601626e-08
4.806066e-08
6.356792e-08
6.622703e-08
4.746372e-08
5.540316e-08
3.603803e-08
3.642494e-08
4.946869e-08
4.607436e-08
3.988031e-08
5.168618e-08
5.151024e-08
4.476795e-08
4.935925e-08
2.945272e-08
3.034486e-08
2.933249e-08
3.146562e-08
2.866651e-08
3.699346e-08
3.579062e-08
3.532199e-08
4.322174e-08
5.154726e-08
6.377499e-08
6.535601e-08
6.029245e-08
4.189079e-08
4.932942e-08
4.678256e-08
4.239011e-08
3.451312e-08
2.799531e-08
2.579603e-08
2.125786e-08
3.136951e-08
3.312524e-08
3.011526e-08
4.945257e-08
4.534452e-08
3.934297e-08
3.728461e-08
2.714178e-08
3.22579e-08
3.827069e-08
4.423191e-08
4.460826e-08
3.333255e-08
3.700452e-08
4.001745e-08
4.739355e-08
3.70323e-08
3.0058e-08
2.278634e-08
2.500131e-08
1.948067e-08
3.040049e-08
3.932815e-08
2.932864e-08
2.920413e-08
2.596174e-08
2.551925e-08
2.570909e-08
2.976917e-08
4.083282e-08
5.350634e-08
4.290635e-08
3.308437e-08
3.86662e-08
2.63913e-08
2.384384e-08
4.151634e-08
4.987102e-08
3.820431e-08
5.011632e-08
5.958247e-08
5.560942e-08
3.817462e-08
2.638772e-08
3.128984e-08
3.390621e-08
4.600643e-08
3.396605e-08
2.921862e-08
3.334939e-08
2.979658e-08
2.52598e-08
2.385652e-08
3.387199e-08
7.035857e-08
6.790621e-08
8.358831e-08
6.991673e-08
6.418095e-08
5.032577e-08
4.125743e-08
3.710032e-08
4.899011e-08
5.044909e-08
5.737608e-08
5.690616e-08
6.822476e-08
5.877671e-08
5.692925e-08
5.199077e-08
5.903177e-08
4.437566e-08
3.800605e-08
2.771466e-08
2.529568e-08
2.08212e-08
3.644917e-08
5.238289e-08
5.658348e-08
4.568029e-08
4.533869e-08
6.328465e-08
6.330809e-08
5.287694e-08
4.640706e-08
3.879262e-08
5.447806e-08
5.27321e-08
5.247455e-08
5.113883e-08
3.872621e-08
3.64665e-08
5.036074e-08
4.472636e-08
5.238531e-08
5.006493e-08
5.118729e-08
4.187397e-08
5.088149e-08
4.18242e-08
4.190906e-08
3.62841e-08
3.466626e-08
3.549917e-08
3.95893e-08
3.485878e-08
4.187743e-08
5.294933e-08
4.792291e-08
4.602872e-08
4.094461e-08
5.376374e-08
4.995729e-08
6.073394e-08
6.622996e-08
6.528487e-08
7.594199e-08
6.776906e-08
5.897247e-08
4.074104e-08
5.764682e-08
5.467392e-08
4.09863e-08
4.160994e-08
3.581529e-08
4.562189e-08
5.023676e-08
7.474088e-08
6.048075e-08
3.522766e-08
2.592199e-08
4.484463e-08
4.458107e-08
3.254325e-08
3.709378e-08
3.38589e-08
2.974567e-08
2.985731e-08
3.429576e-08
3.046339e-08
4.936168e-08
3.398299e-08
4.622237e-08
4.683659e-08
3.819796e-08
4.138638e-08
3.328574e-08
4.40126e-08
3.123337e-08
3.102899e-08
2.559781e-08
3.557037e-08
4.134097e-08
4.009367e-08
3.638281e-08
3.238448e-08
3.283657e-08
3.245219e-08
4.108974e-08
4.581797e-08
4.970876e-08
4.800472e-08
3.648196e-08
2.900809e-08
2.529215e-08
2.702634e-08
4.106742e-08
2.752327e-08
2.905482e-08
3.755063e-08
4.69658e-08
7.257101e-08
6.564615e-08
5.431599e-08
3.54524e-08
4.669889e-08
6.015051e-08
5.700848e-08
4.673333e-08
5.45103e-08
5.103531e-08
3.856575e-08
4.365421e-08
3.211335e-08
4.685555e-08
4.496885e-08
5.561097e-08
5.651637e-08
4.661645e-08
4.419333e-08
4.906801e-08
4.575854e-08
4.919234e-08
3.344636e-08
2.698673e-08
3.121157e-08
2.64242e-08
3.229166e-08
2.714918e-08
3.897994e-08
3.843866e-08
4.335089e-08
3.667836e-08
3.619204e-08
4.100357e-08
4.55074e-08
4.973295e-08
5.173273e-08
4.715677e-08
3.456859e-08
3.606248e-08
2.878398e-08
3.577647e-08
2.508371e-08
1.981737e-08
2.917496e-08
2.913917e-08
1.443588e-08
2.221274e-08
2.012811e-08
2.874557e-08
2.706752e-08
1.842203e-08
3.070474e-08
3.592619e-08
3.141453e-08
3.062583e-08
3.240124e-08
2.594321e-08
2.152439e-08
3.567405e-08
2.913584e-08
2.797515e-08
4.016609e-08
4.727615e-08
5.627365e-08
5.701108e-08
3.944862e-08
3.640585e-08
3.773334e-08
2.904172e-08
2.738382e-08
4.217065e-08
3.5814e-08
4.085961e-08
3.854193e-08
3.382987e-08
3.845609e-08
4.149745e-08
4.031408e-08
3.350384e-08
3.064877e-08
3.148042e-08
2.744204e-08
2.945521e-08
3.111391e-08
3.156701e-08
3.191361e-08
3.309488e-08
2.016705e-08
2.051932e-08
4.008012e-08
2.089866e-08
2.533422e-08
3.067493e-08
5.510666e-08
4.096116e-08
3.365451e-08
5.531953e-08
6.001767e-08
5.070777e-08
4.809001e-08
3.879722e-08
5.260152e-08
2.909162e-08
4.9641e-08
3.095261e-08
2.710989e-08
2.414656e-08
3.285006e-08
3.608469e-08
2.434078e-08
2.497788e-08
2.852099e-08
3.247085e-08
4.258572e-08
2.911172e-08
5.142307e-08
3.763096e-08
4.01184e-08
3.310791e-08
3.698837e-08
2.329221e-08
2.147155e-08
2.974483e-08
3.699884e-08
3.996754e-08
6.5051e-08
5.293324e-08
4.595918e-08
3.082693e-08
4.027135e-08
3.474372e-08
2.854656e-08
4.478972e-08
5.414463e-08
4.171462e-08
4.955473e-08
5.010538e-08
6.104453e-08
4.79789e-08
5.618803e-08
5.109537e-08
4.625347e-08
3.298071e-08
2.439633e-08
2.215656e-08
4.084315e-08
3.65792e-08
3.333627e-08
4.40531e-08
3.715887e-08
4.513857e-08
7.82153e-08
5.463942e-08
4.316555e-08
3.009179e-08
3.198211e-08
3.406989e-08
3.465708e-08
1.721399e-08
2.80782e-08
2.359266e-08
2.456894e-08
2.585987e-08
2.967818e-08
4.199448e-08
2.7029e-08
3.22265e-08
2.757978e-08
2.202724e-08
3.101013e-08
3.633103e-08
2.586292e-08
2.336495e-08
3.578219e-08
6.308479e-08
4.810491e-08
5.254161e-08
5.012696e-08
4.224286e-08
6.581384e-08
6.224036e-08
4.389215e-08
4.492808e-08
4.028852e-08
3.362139e-08
3.698957e-08
3.859335e-08
4.68867e-08
4.417955e-08
4.350242e-08
3.224104e-08
2.957746e-08
