Env_Chitala Env_Chitedze Env_Nakabango Env_Serere
183.3962 -29.55363 -102.6358 -54.31578
180.5499 -31.2691 -107.3862 -54.63677
177.1935 -34.60039 -100.5303 -48.05099
181.0885 -34.69389 -109.7288 -57.85189
169.9883 -37.47995 -119.0894 -67.82694
173.6268 -39.64753 -108.4204 -49.3847
174.3844 -43.48152 -114.2233 -59.56396
167.0125 -51.00428 -119.2434 -64.89414
161.0747 -44.02825 -120.9412 -66.04925
164.6109 -45.76815 -116.3666 -63.06544
174.3021 -43.20242 -114.8479 -59.0049
157.2249 -61.48723 -125.0725 -75.94547
154.8252 -55.36081 -122.7325 -72.39679
156.1598 -60.17243 -127.7707 -80.92689
154.9644 -55.45216 -125.3781 -70.02906
155.1274 -51.60519 -119.1858 -74.40486
150.2622 -57.0184 -135.5827 -75.16859
153.7977 -53.75326 -131.0783 -80.40098
152.1033 -53.29479 -127.5519 -74.48108
147.4989 -65.36036 -137.873 -84.60438
164.3249 -49.62633 -117.4621 -72.53299
166.6548 -50.50328 -124.6467 -67.50889
158.7769 -53.5217 -122.9074 -71.80743
170.0561 -37.74941 -107.2634 -61.38373
174.481 -33.03211 -101.0373 -53.25446
185.5398 -23.94703 -93.01402 -46.87994
192.6937 -20.16066 -94.06532 -41.14481
186.9275 -20.13496 -93.16432 -33.11069
189.0051 -18.17433 -88.80451 -41.34913
198.0058 -10.46041 -88.84549 -37.38395
210.0166 -3.582229 -74.75027 -25.06312
211.4867 0.09265166 -70.51726 -19.76884
213.1217 4.955177 -66.56206 -12.03149
204.399 1.96981 -68.00548 -26.1777
197.1774 -9.29353 -87.16773 -30.94462
194.8821 -17.22912 -87.4027 -33.28229
181.2659 -26.45242 -102.8258 -41.31244
180.5018 -26.98 -97.95104 -42.82655
184.019 -23.03821 -93.77713 -37.4762
180.3059 -31.25996 -98.24225 -43.78345
178.2898 -32.21972 -101.5191 -48.64182
172.342 -44.47707 -107.3149 -53.17759
166.9799 -37.12991 -112.3265 -56.86968
177.5217 -36.00698 -109.624 -59.24142
173.2011 -28.58789 -104.537 -54.17111
187.4955 -25.26039 -92.33189 -37.90338
185.621 -26.74293 -102.3158 -36.66987
192.49 -17.13858 -86.38244 -34.24139
204.6986 -11.88042 -79.31343 -23.57437
212.9424 0.9950988 -72.867 -21.72689
207.5147 -4.026415 -75.18766 -15.2
212.0574 4.299921 -68.00058 -4.52739
229.0865 17.0399 -58.75294 1.753442
220.3991 17.55841 -57.89209 -5.601532
226.1979 10.44494 -59.91293 -5.599667
232.2699 15.97641 -53.51811 0.1297045
232.6861 29.63922 -42.16477 4.889726
228.7722 16.14289 -55.09175 1.135397
210.1471 6.099722 -66.68816 -10.31092
211.7096 0.4261849 -78.6493 -23.06241
205.597 -12.36818 -87.43523 -27.73871
204.9924 -6.480781 -77.50107 -18.80302
185.9346 -26.44805 -96.92758 -43.80135
196.1301 -15.27045 -83.78103 -30.25415
186.4585 -28.85402 -91.49034 -47.07535
184.9867 -25.3503 -97.11775 -44.75651
193.9219 -22.30386 -89.82117 -39.29331
193.9527 -16.46148 -89.27614 -33.83248
194.9072 -17.12887 -84.93874 -39.07258
191.0924 -24.98227 -99.48899 -45.42859
177.7787 -37.94147 -105.341 -52.54468
171.2696 -41.42023 -111.4654 -59.77436
175.0169 -30.35242 -104.0687 -54.06147
176.905 -31.73957 -103.6368 -51.11908
178.969 -40.1229 -105.7408 -52.83476
175.0406 -36.85756 -111.8037 -54.57339
187.8027 -23.18999 -90.7971 -50.13517
195.1644 -12.94124 -81.21724 -31.53036
206.2239 -4.725744 -73.86521 -19.35369
218.2833 2.586868 -69.43088 -11.61274
217.4599 8.192181 -66.25097 -6.202051
213.1165 13.30001 -66.21295 -9.912556
219.9395 5.726685 -61.64839 -7.180681
216.7171 10.31914 -60.57142 -9.833886
211.7605 0.7290062 -72.83191 -21.00436
212.3964 -3.784493 -75.34691 -11.21715
213.6969 4.750089 -66.44889 -16.80165
205.961 -4.140814 -79.07575 -17.17429
215.3939 0.04317213 -72.52073 -22.38136
209.06 2.307511 -76.37776 -16.56334
204.4683 2.262137 -75.62404 -22.25797
196.9685 -11.68547 -82.79161 -37.69058
190.5904 -20.95018 -88.38821 -35.73545
187.2058 -24.27148 -93.11625 -36.64562
195.7639 -15.7612 -91.69594 -36.57098
188.0908 -19.63415 -95.58439 -35.22999
188.677 -20.11429 -90.88151 -39.37427
180.627 -21.08409 -93.15721 -41.42486
189.8367 -14.82899 -90.21818 -38.40166
185.1315 -24.30784 -96.24768 -37.57468
196.1899 -12.10065 -83.82492 -32.41204
208.8351 -10.77615 -84.02176 -28.13339
203.6869 -4.509339 -81.24115 -27.16604
203.9365 -6.437054 -80.27276 -29.19263
194.9455 -16.31606 -83.46016 -32.38809
190.064 -18.82485 -89.17475 -35.2108
203.6273 -14.70547 -86.05078 -28.65138
198.6471 -2.586954 -81.19195 -25.34499
198.5851 -7.341449 -83.46115 -30.37947
210.6109 -2.154898 -66.27699 -16.61125
214.7198 1.132144 -65.89924 -17.3607
206.7206 -13.14507 -75.64219 -24.98867
196.766 -13.47284 -88.23501 -25.38761
201.7926 -4.94176 -75.0662 -21.33159
202.8721 -13.26314 -76.5078 -22.38284
208.9557 -6.435794 -71.16389 -24.2779
209.9481 1.416173 -77.4291 -21.31811
211.2819 -5.81712 -78.99376 -26.39506
191.0798 -19.66241 -91.90061 -31.39321
182.4261 -24.57905 -103.0542 -43.62414
182.0908 -24.21948 -91.50096 -44.3766
186.3714 -23.39095 -98.78443 -45.25574
180.4307 -30.08457 -95.12656 -46.87467
175.9944 -32.27574 -105.5692 -51.24335
169.0963 -33.62481 -110.3345 -54.61664
167.2961 -42.27796 -114.9255 -65.73772
168.2267 -44.82886 -115.0947 -58.0294
163.2632 -42.89315 -120.0473 -59.46942
166.1922 -45.04846 -115.8519 -67.84764
165.2576 -48.45725 -119.0545 -69.07758
164.5451 -49.7895 -113.5626 -60.41116
156.799 -51.12901 -119.0113 -69.97022
171.9607 -40.48362 -104.9382 -63.36377
181.9219 -28.67453 -102.6689 -49.20864
173.3892 -39.95119 -109.4601 -60.37598
179.8954 -34.6551 -103.3366 -45.10506
181.1777 -22.05826 -95.67722 -37.24314
185.5027 -24.29499 -95.93579 -45.56381
172.7733 -30.65093 -102.9923 -50.16319
167.3739 -39.25464 -104.0522 -49.72472
172.2696 -34.62277 -109.8368 -55.87073
170.7074 -40.30552 -115.9217 -62.72406
163.6572 -48.17255 -118.1439 -62.69406
151.5997 -57.46466 -132.7409 -71.71377
155.9668 -51.45555 -119.01 -65.93876
152.1996 -59.24688 -126.9444 -77.62647
165.73 -43.71417 -109.3199 -62.94765
163.1003 -43.51118 -115.6769 -64.94232
163.9806 -43.4302 -114.8045 -66.83209
148.1968 -61.19312 -133.8565 -81.19284
166.4009 -44.27337 -113.9704 -63.31686
162.4729 -42.70944 -122.0191 -66.46547
161.2084 -50.57625 -117.1119 -63.89484
163.0781 -48.92609 -116.3041 -68.80289
168.7259 -47.69381 -118.73 -55.43025
162.1945 -45.30689 -116.6993 -69.79372
172.2826 -35.63961 -112.0464 -55.39575
166.5021 -39.55703 -110.621 -64.48445
175.8278 -30.34554 -108.4783 -49.57351
165.4738 -44.19279 -121.2745 -59.37141
165.8358 -48.60555 -122.9492 -64.57791
150.1543 -67.83572 -131.1338 -81.87377
157.8903 -58.74046 -131.4257 -77.06186
150.4685 -61.33833 -133.6405 -79.28321
162.5272 -54.51403 -115.2934 -71.12743
152.3337 -54.06288 -123.1769 -75.7516
161.6276 -48.50516 -127.1202 -67.17191
158.3221 -47.07755 -121.5004 -71.04481
171.0432 -43.25963 -111.6459 -63.01268
174.4918 -36.03012 -111.3679 -56.05544
168.6249 -38.8196 -114.4771 -58.28641
173.935 -40.48267 -105.8056 -53.37034
166.5704 -38.39269 -114.3494 -61.73311
163.1226 -54.23252 -114.9747 -63.57037
150.5173 -49.85573 -129.3221 -70.34256
158.4377 -53.29395 -123.3378 -73.73973
158.6081 -52.90019 -123.3236 -65.87624
161.0997 -51.29474 -124.1042 -68.56263
166.7871 -37.11274 -115.8587 -54.65894
149.2839 -52.28314 -131.0173 -73.59541
147.481 -55.1831 -131.0197 -81.06202
133.3753 -73.23577 -145.3254 -93.53454
137.0629 -70.63359 -145.2074 -92.17408
130.9716 -82.02924 -154.8124 -99.63935
127.2976 -68.58087 -148.4249 -97.37597
124.4802 -85.62487 -155.1596 -102.962
127.9041 -81.83133 -147.4094 -100.07
121.612 -91.74224 -161.1014 -107.105
124.8354 -82.72767 -150.3249 -102.6445
107.0886 -96.84673 -168.3494 -115.4835
117.7249 -92.07712 -167.4438 -117.5036
127.4224 -81.84188 -151.0958 -101.97
125.5721 -87.43577 -155.703 -102.2632
124.5734 -82.59654 -149.5587 -101.7533
125.5389 -81.37001 -153.5449 -102.8941
128.9514 -77.88604 -147.2119 -99.18062
135.8079 -72.58684 -144.4113 -94.73368
136.4816 -69.05162 -140.444 -92.43357
145.0292 -66.61784 -131.6538 -81.91837
150.2386 -59.64279 -125.6866 -76.42036
148.7724 -65.32818 -131.3083 -77.21561
155.5949 -54.88807 -122.1894 -76.09056
154.105 -68.92421 -134.2495 -80.14599
135.7492 -75.59087 -145.4536 -90.02539
136.3553 -75.05558 -151.6382 -94.59308
128.0072 -92.69296 -160.4242 -100.8323
115.5406 -88.45957 -164.7798 -106.438
118.0732 -88.61962 -166.4241 -111.7064
137.52 -71.83684 -140.8984 -87.19573
134.1575 -67.87763 -141.743 -86.52675
120.4646 -81.19545 -153.5181 -107.1119
123.8263 -89.83659 -160.829 -107.3199
111.7643 -99.66592 -169.7217 -119.8005
102.2204 -105.9861 -183.8637 -122.7165
95.77211 -115.0083 -186.1104 -132.5489
90.68516 -125.698 -192.1975 -135.8426
96.53086 -119.5564 -193.3729 -137.9299
89.64244 -127.2018 -195.9267 -142.316
82.76119 -128.0771 -191.7838 -144.6613
71.48291 -134.6105 -210.5766 -152.4469
90.63382 -119.2174 -192.4222 -141.2992
98.29724 -116.5806 -190.5815 -139.0261
97.85718 -114.3016 -186.5323 -127.6566
88.1785 -119.5341 -186.4335 -131.6844
92.58195 -115.7773 -189.779 -135.1017
113.1746 -103.4735 -178.359 -125.8454
110.6741 -95.62056 -162.8479 -110.1203
110.9813 -99.62242 -169.034 -117.862
120.361 -94.97598 -171.5106 -113.0273
126.1268 -95.15078 -165.6645 -104.7755
135.6698 -72.31924 -147.4626 -95.57338
126.7575 -74.53219 -154.0328 -95.25369
120.3104 -85.75415 -157.5016 -109.8779
117.4912 -88.24858 -158.2337 -111.9274
124.494 -87.57195 -156.4927 -96.97366
130.4829 -80.42014 -155.4468 -100.4474
129.0834 -80.5389 -155.3371 -95.50342
128.3537 -77.2493 -149.1218 -100.4475
142.2988 -65.10339 -134.9186 -83.96628
139.5004 -67.05325 -143.7234 -89.91911
139.4911 -75.4293 -143.9681 -95.9499
141.5995 -70.64799 -143.7294 -88.48123
125.8672 -83.73148 -153.9935 -100.7269
110.3348 -92.15351 -167.6267 -114.5745
112.533 -93.38284 -159.1056 -111.3301
139.3364 -72.85872 -142.934 -93.02165
133.0261 -78.11271 -153.8753 -99.93278
143.7509 -65.91688 -142.312 -87.11311
150.5712 -58.85704 -138.4258 -76.20064
140.6114 -72.33003 -136.8102 -84.5858
135.737 -74.17557 -144.8639 -95.95421
149.7018 -63.32044 -131.5845 -78.19281
158.6905 -53.07468 -129.6558 -72.73706
160.2768 -46.51323 -121.3544 -72.71226
165.6477 -47.77108 -117.0983 -71.46593
163.6088 -50.77054 -126.8464 -69.02752
155.8499 -54.69939 -125.9495 -65.7129
162.9977 -46.70107 -123.9045 -68.99936
158.4989 -51.97883 -129.6317 -76.81995
154.2391 -58.24094 -138.9959 -76.24565
151.9749 -58.72769 -131.7233 -78.16142
149.2643 -62.25924 -131.8432 -85.32157
156.0334 -60.69106 -125.1786 -77.42737
156.7815 -55.64297 -130.2546 -74.23032
163.7261 -43.84219 -114.8093 -60.63986
176.0005 -26.46166 -104.8704 -46.32554
188.0259 -30.92787 -101.0378 -49.82175
193.2223 -13.7898 -90.12569 -38.57173
191.4465 -15.26001 -92.89004 -33.58025
188.4538 -20.09478 -92.99284 -41.88261
190.2812 -25.19972 -97.07205 -48.93008
198.3099 -13.53077 -87.94236 -35.27973
203.2222 -13.05194 -82.20972 -34.30222
208.3005 -1.153065 -71.69809 -23.53666
218.6025 11.51988 -66.73879 -12.11234
225.8563 12.38574 -63.06367 -4.599285
211.0792 5.249849 -67.38024 -14.45147
212.4879 -4.205713 -69.09442 -20.36927
202.2451 -3.46615 -77.73782 -22.68658
206.9634 -5.635143 -75.46392 -18.78847
221.9236 12.75371 -59.07543 -14.2014
211.2729 2.37681 -68.45937 -12.98137
220.0384 10.68007 -63.24649 -4.124275
230.5849 18.88431 -57.67747 2.77776
231.3181 22.24047 -50.31766 2.205376
227.1331 18.23593 -63.17725 -1.113307
221.1444 14.73521 -62.52983 -4.373572
209.3182 -2.219119 -70.83411 -19.52946
215.804 -1.118804 -66.77676 -16.08401
205.1321 -2.037384 -75.49635 -21.12572
200.7477 -6.411785 -77.66227 -21.75767
200.9506 -11.67831 -83.86378 -28.08064
195.4529 -10.65343 -83.308 -31.8171
199.3639 -15.39235 -92.54782 -35.51773
197.3575 -16.22189 -84.57726 -31.39655
197.3311 -14.32039 -84.212 -30.88819
207.3207 -1.655506 -75.1949 -17.34824
215.6797 12.25107 -57.72092 -13.52309
218.8762 8.887116 -63.79789 -14.19567
210.1073 0.7205669 -69.10495 -12.06163
216.6914 -2.691533 -66.69546 -15.96647
215.1949 11.1897 -66.64214 -9.705536
220.8645 10.55135 -64.70347 -8.737437
221.6659 11.62467 -56.26548 -5.231058
222.6565 16.2835 -56.46877 -6.05491
230.9916 22.98703 -55.75841 4.77342
229.1667 17.0996 -61.08842 -4.268838
228.921 24.09597 -47.48056 -0.1075462
229.5245 22.5151 -51.25333 1.997675
236.4433 20.71493 -53.39026 1.938574
225.8452 14.18709 -55.05215 -8.499026
234.3535 22.83704 -42.25612 9.185656
237.2403 16.44927 -44.45667 9.886051
225.7011 11.77979 -54.93114 -3.87178
222.7267 14.30792 -55.71907 0.6500473
216.2916 -5.069678 -68.07409 -17.42329
223.0538 10.37254 -62.25663 -8.867571
228.1791 6.781076 -58.8189 -7.181706
226.6243 17.2574 -46.85479 4.471041
230.5197 19.62298 -46.81247 7.299037
245.3552 31.16282 -44.32356 8.749217
237.0386 25.11256 -48.68761 3.082694
225.9827 16.87876 -54.65823 1.702075
228.1605 17.73455 -50.87054 -1.023842
223.2283 11.15214 -62.64591 -6.245255
207.5205 2.598786 -74.92269 -22.46556
209.5942 -3.154781 -82.52698 -27.81217
197.5404 -20.85621 -87.77952 -33.75009
195.2094 -9.72389 -84.07134 -32.64848
199.0346 -4.312675 -76.34688 -27.351
198.7239 -9.218566 -77.99854 -26.44559
206.335 1.109449 -74.18131 -20.62144
198.2259 -14.68833 -82.59741 -28.69641
199.7922 -13.84498 -82.61235 -35.55294
206.9126 -2.919009 -68.88347 -21.05311
208.8336 1.913817 -76.20903 -20.93309
212.2322 4.868313 -62.17272 -18.25948
219.9812 3.208309 -63.64044 -15.19079
213.6009 -4.670752 -71.99986 -15.10082
205.6176 -7.548177 -82.93024 -33.02983
205.0422 -6.558257 -75.97405 -23.95458
210.6236 1.289307 -79.23501 -18.19765
208.9921 -2.143479 -75.6332 -21.68537
197.2456 -15.33391 -83.84198 -33.77404
197.0871 -16.03122 -86.72005 -33.40787
205.3147 -9.090203 -80.79656 -30.17071
209.5098 8.290757 -66.16851 -11.15338
215.6211 3.89326 -62.06451 -17.59075
211.7598 -2.998216 -71.34634 -20.49714
212.3704 4.229144 -75.60845 -18.12047
229.4785 13.53847 -56.48736 -7.317592
220.8309 12.3052 -61.76556 -7.163854
218.3635 10.52538 -65.989 -2.955294
236.2629 23.17747 -49.31612 7.423182
240.1242 28.45098 -45.21582 9.370213
247.7185 31.5956 -39.22959 10.61531
242.0779 32.74603 -36.5634 18.22882
250.8923 36.28428 -37.12131 18.27449
254.9396 41.04642 -34.07353 20.97432
240.0823 21.53111 -52.32474 7.66921
232.149 18.79637 -46.0849 2.618817
228.4517 17.55481 -59.67095 -4.081957
227.3806 20.37385 -55.0631 2.861241
229.1667 13.1068 -59.48444 -2.410921
223.0983 11.30874 -60.55112 -5.725888
223.0681 16.74951 -59.09445 -6.832079
218.6428 9.232686 -64.26715 -12.48769
206.9933 -8.783418 -82.73927 -25.96647
215.9576 8.531067 -65.71738 -9.327956
219.7328 6.475577 -54.20402 -4.944348
215.5094 11.99019 -65.86217 -14.84899
222.228 10.5098 -56.31098 -0.6558012
220.3636 10.69469 -56.84953 -8.652434
212.621 3.409284 -61.61425 -7.036009
222.5958 9.690252 -61.66214 -9.941949
210.7305 -2.223041 -72.83439 -15.04518
211.06 -5.808556 -72.31211 -23.38337
218.7735 0.3997483 -64.6639 -18.72803
204.2353 -5.120428 -78.13491 -28.92291
200.225 -11.75715 -85.18103 -29.44368
199.4533 -11.94817 -82.93157 -34.25737
202.7317 -4.79146 -82.17896 -27.42326
184.7053 -17.31962 -92.51875 -38.92359
195.2461 -11.60107 -85.86366 -35.43043
188.0739 -21.83806 -98.22885 -38.81499
189.3688 -24.1766 -95.66814 -40.96635
198.194 -19.02934 -97.70811 -38.2685
184.7534 -30.31173 -97.67965 -47.69552
177.8219 -28.71523 -100.5118 -47.1894
178.8591 -36.22084 -109.4242 -50.83499
171.0779 -40.28468 -118.0321 -62.97698
164.5842 -42.58273 -116.9462 -66.49298
170.2607 -47.2146 -116.8094 -62.40421
158.1197 -43.04076 -111.601 -68.69267
166.8028 -39.83255 -121.1803 -65.36717
165.1185 -42.2652 -113.9564 -64.37738
170.4367 -39.84408 -113.6043 -65.10225
156.0459 -55.13044 -118.3362 -64.48085
156.6144 -51.10002 -119.8216 -74.44422
174.3674 -32.44491 -107.4912 -63.76883
183.8305 -32.60253 -105.6713 -47.66541
184.7761 -17.13815 -93.58798 -36.79598
190.4561 -24.09392 -90.76033 -40.78593
192.343 -9.083739 -88.89958 -33.66596
197.5849 -10.28213 -82.3055 -27.629
203.4223 -4.000816 -74.27969 -28.47137
196.1871 -15.35027 -89.46397 -36.3583
190.2335 -16.89556 -96.03966 -37.87023
193.2506 -22.29224 -86.00594 -36.37013
181.6217 -16.64447 -87.00754 -34.833
195.8127 -28.50275 -92.23619 -36.56254
185.8954 -19.94642 -94.50249 -43.58082
188.7805 -22.22007 -92.18916 -41.19479
191.3435 -14.28432 -83.30143 -34.02563
196.7936 -17.99179 -82.54729 -34.6279
189.0005 -18.19526 -95.59491 -39.30974
189.532 -20.7252 -96.70866 -40.23907
193.0822 -22.92494 -85.62697 -37.05887
186.8133 -19.66397 -91.952 -41.78397
191.653 -14.53645 -93.59586 -28.98653
188.5277 -20.91355 -88.85664 -40.3272
188.0117 -20.54191 -96.51223 -34.91405
188.3069 -20.80966 -93.61458 -35.28194
180.021 -30.40929 -101.8303 -50.52713
171.8347 -33.10406 -107.328 -50.23769
186.3316 -22.82454 -95.80802 -44.6548
187.4583 -30.38868 -103.0596 -46.47022
182.9668 -29.06504 -99.83034 -48.27964
195.835 -20.89241 -96.21398 -34.07027
198.3932 -5.842013 -83.08066 -32.20045
206.4005 -6.765519 -77.58377 -26.39209
215.983 1.769555 -66.13778 -12.27032
223.0024 9.78523 -71.20943 -7.316077
231.2401 14.51479 -54.89713 -0.9614932
227.058 19.28562 -54.48871 -0.987321
230.7406 14.3073 -51.90712 -7.403493
238.0732 15.34589 -53.41512 2.496681
218.7184 13.18565 -53.41083 -0.8066743
230.7162 17.14092 -53.54906 -3.730289
240.2165 25.66649 -46.53607 9.774643
246.2016 34.88078 -37.7499 16.69952
255.5434 44.46039 -33.80201 19.57067
251.4699 43.98099 -30.5934 21.35908
262.2583 49.70107 -19.04905 32.26751
273.4598 63.80891 -8.552726 46.18118
256.1266 48.46751 -26.38817 33.02898
247.5527 35.35608 -28.09841 23.84964
251.2786 45.30787 -24.79829 21.09893
249.5203 31.19202 -35.03725 17.92338
239.2002 32.39886 -46.93916 11.82965
238.8875 25.26266 -48.99332 10.42657
233.7845 20.70207 -48.18376 -4.063003
230.8839 16.5981 -52.32846 3.410398
228.9889 20.03575 -51.23097 4.53456
238.1984 23.9912 -44.97736 10.50445
236.2593 22.80324 -51.07219 10.21973
228.245 20.43372 -53.31967 7.535941
230.3349 16.31028 -54.28481 4.073035
220.556 8.785972 -63.09138 -11.28163
228.7789 18.61588 -50.41379 2.962029
238.3242 25.70724 -43.78702 8.019819
236.6541 21.48739 -49.18457 11.59169
241.8337 27.59943 -43.47316 15.42892
240.7951 24.19101 -44.54879 11.96572
231.2252 26.25621 -46.45104 9.005963
230.8324 22.51796 -51.68134 -3.23927
247.2025 29.0221 -43.40395 15.51692
243.6487 32.2658 -32.60558 18.28644
248.0449 38.9468 -27.00903 26.17513
253.6229 38.517 -31.91317 23.72021
256.474 44.81199 -24.03767 26.65848
254.1606 42.41945 -25.78438 27.84234
256.3561 38.91446 -29.97557 20.45621
261.9681 55.36122 -23.27076 33.40867
257.7513 46.18761 -28.44154 27.00965
261.5018 52.86522 -21.93159 31.65033
247.7221 33.07066 -39.48779 12.04227
248.8671 39.2073 -37.09756 14.30656
253.3651 44.21003 -24.45968 24.47809
255.026 45.03189 -26.95218 25.04095
259.203 43.72753 -27.48362 23.36237
262.2093 45.13683 -24.01839 32.6463
273.494 56.86579 -13.78432 40.82191
265.1689 57.11152 -15.14579 39.78769
252.0886 40.86815 -24.81822 21.21943
266.2286 54.23428 -14.7642 40.99707
275.0947 63.30402 -5.052053 47.98793
280.6434 67.49694 -6.32929 51.4057
278.1832 70.82059 -11.95421 43.33639
275.7394 64.79876 -6.35468 46.79344
266.4171 58.93801 -16.42478 41.14853
269.0437 59.61655 -7.581534 35.93169
254.6673 49.24761 -33.28591 23.66209
241.8775 34.53923 -39.45826 12.06829
240.7713 28.46644 -39.70361 9.638835
244.0853 40.2561 -39.76357 20.68422
245.2743 28.88561 -43.86095 8.289427
228.6555 24.36481 -48.85511 4.857841
233.756 27.34127 -45.69653 10.26081
231.7939 31.04151 -53.27589 5.533154
240.1108 21.7139 -49.3263 3.862918
243.0552 29.88699 -46.89786 14.94714
244.1498 29.20172 -44.87611 6.662711
245.7839 35.71086 -42.15521 15.82003
238.6244 36.2591 -40.28624 23.90089
237.0169 26.90016 -44.65985 13.30359
250.0057 30.53907 -33.53592 19.11281
252.6065 41.4948 -31.96397 23.27506
245.3851 35.00487 -34.58993 16.43178
243.4772 32.02645 -44.64493 12.00648
261.3182 45.1562 -22.48391 33.68042
266.5078 62.86636 -13.20007 48.54025
262.8557 50.54438 -19.37892 34.64025
260.9572 43.67672 -32.30346 29.86236
254.0659 49.43311 -28.38533 31.72386
250.3496 38.21923 -30.16547 21.19702
250.6376 38.72278 -36.07258 20.54005
242.6521 30.50787 -35.14245 14.74788
247.5948 36.59292 -39.05853 10.6649
247.9478 36.16288 -35.94029 12.39654
243.7667 37.46008 -37.25372 18.24833
249.7372 37.86628 -40.73114 18.1031
251.3809 39.98891 -41.13376 9.276363
248.1749 46.33522 -28.77608 22.57235
249.4516 40.30341 -29.75137 20.79441
259.7729 49.18531 -20.18285 36.20847
259.505 54.28905 -16.44471 33.64087
250.909 44.27883 -28.3853 27.89876
249.4155 42.46846 -32.5948 21.43013
256.8634 45.88649 -29.44883 23.80975
254.6669 47.36548 -26.88895 23.72259
260.0001 47.42656 -22.04604 31.48069
262.7789 55.33189 -23.40982 23.82824
271.3427 58.80424 -13.07736 43.1008
272.8038 63.79891 -6.21049 42.57192
273.71 61.37789 -11.36674 40.6065
270.1498 61.45752 -14.55254 36.62818
279.6937 71.79587 -3.049005 50.77378
274.7864 67.31384 -6.805374 45.17106
270.5165 63.04394 -6.276521 49.40752
267.2444 50.65256 -12.92864 39.2264
279.1576 69.17691 -9.628387 47.62733
276.7048 67.33657 -9.167456 48.3899
279.5769 67.60613 3.494242 53.29452
282.0978 71.58133 2.77017 50.17062
282.4989 66.52111 -0.187263 53.23066
279.5482 70.41832 -0.02015949 46.54691
277.7952 64.4413 -4.129679 43.46158
269.3253 60.42686 -5.129073 41.83439
270.0568 61.14225 -9.796258 40.82979
270.9254 65.70045 -4.198734 47.22341
283.5701 70.88664 -0.6113062 53.96838
269.8457 59.62363 -16.20591 39.69867
271.9878 56.98299 -19.13499 40.423
261.1041 44.16525 -21.0557 24.83657
259.3984 49.14954 -28.48805 26.79308
257.2465 43.08655 -23.80433 31.71089
251.0101 37.23103 -36.95158 23.86522
246.5691 40.57735 -36.72886 13.60462
247.977 38.84989 -35.51966 17.63975
237.9046 34.76003 -40.40276 12.12931
235.7293 24.02022 -46.86812 3.686941
234.3088 23.42605 -40.26572 11.13528
230.992 27.23988 -49.97515 -0.9118725
220.0649 13.21682 -58.19654 -10.60142
226.3281 8.191245 -67.53353 -0.1533999
220.8621 14.0958 -59.90219 -3.731569
236.4855 30.0732 -45.99832 0.2589497
233.9783 32.07147 -44.43383 8.130392
238.1868 29.49866 -42.85686 15.01791
257.8089 46.68236 -27.63906 26.12846
242.1787 37.9235 -36.6471 18.78107
247.1821 34.39329 -32.29009 22.02337
247.5575 41.31834 -24.76955 20.76305
253.5459 34.98341 -32.62181 18.42316
249.4759 34.452 -31.1448 10.08523
247.1473 38.10421 -36.72959 10.07455
242.0715 32.51428 -37.75221 19.34726
243.7557 37.61226 -39.45242 12.38243
236.2213 28.8975 -43.14617 18.49529
225.5709 20.49087 -56.2232 -2.459361
232.865 20.01533 -49.54111 5.578834
222.9793 13.02927 -56.72713 -2.746843
220.6451 16.30021 -52.01125 -4.205983
227.6397 22.72938 -59.67127 -0.9260003
228.286 17.84769 -52.57965 3.63461
231.2537 8.341236 -54.78739 -4.780296
218.5452 7.444676 -62.14192 -6.439351
221.1145 10.68662 -61.54619 -6.241464
216.4717 -1.629981 -69.1631 -20.1642
193.9152 -10.80546 -82.81173 -35.21371
199.6499 -14.42065 -84.4141 -25.28905
190.5643 -16.35904 -86.85472 -33.73752
192.6669 -13.49798 -92.40216 -29.02386
203.048 -6.307019 -79.39161 -29.90536
207.3303 -6.148041 -87.21446 -28.96391
220.5732 13.1587 -59.73874 -11.64706
224.3074 13.75253 -58.58886 -4.284014
212.4062 5.527621 -67.71998 -18.53021
222.5837 16.50189 -56.79841 -6.027536
237.0158 18.6118 -48.94773 1.207023
223.6519 11.17778 -55.18395 -7.163007
235.8807 25.87665 -50.54279 13.29455
233.9267 14.42441 -50.1827 -4.63315
240.5444 27.99796 -38.30782 5.315185
238.8613 29.90927 -39.35159 6.729922
241.6217 32.36193 -39.33762 18.74599
247.4887 32.13286 -34.38692 22.35054
255.3639 48.57184 -29.88874 29.94935
260.3862 50.40304 -22.25125 32.02849
264.2981 48.5848 -17.57125 38.91665
268.619 57.05227 -18.09821 34.64615
270.2052 55.49171 -15.24881 35.94526
279.2544 72.71933 0.7485163 50.67393
276.8152 67.28456 -0.9371745 51.93184
295.6668 83.53997 4.665943 62.50768
286.6943 75.32605 -0.3692092 57.47277
299.0937 86.59767 8.665194 68.31249
299.2643 86.18025 23.64071 78.0448
295.2978 78.45281 12.02204 61.05981
291.6737 76.39003 4.114874 62.89444
281.2204 81.59765 4.966719 65.7464
286.3817 82.73972 7.627924 63.1689
292.7733 80.22074 10.69758 64.26313
294.2561 81.64536 12.37397 64.20923
286.374 75.17419 2.064939 59.6353
282.388 67.86174 -1.881898 54.51911
278.3805 59.64556 -4.610039 48.08768
263.4864 58.47449 -6.974683 42.61644
274.5925 66.6285 -5.774854 48.79218
267.0767 59.13539 -13.45898 45.02234
270.4287 59.59704 -17.1973 35.7948
273.4579 63.14361 -10.55182 39.55684
259.1445 51.83304 -19.81185 30.483
250.5551 50.51693 -25.69829 30.98
259.514 48.40885 -18.3683 32.05346
266.1013 52.44805 -13.47403 40.23521
258.3412 46.08981 -22.29288 29.38031
260.2816 57.90306 -22.27552 26.81177
253.0793 46.2615 -28.64673 18.62959
243.2441 31.29191 -39.13067 14.35033
240.5853 26.33322 -41.55567 16.23417
241.7569 24.05813 -50.07284 7.450856
241.4599 24.3679 -44.60539 -1.65928
214.3704 6.900325 -66.91601 -12.46083
212.1451 -2.072826 -73.00356 -14.49644
219.7623 3.964437 -72.42812 -10.69466
219.9933 11.44988 -62.49164 -13.41462
232.1664 19.67647 -51.23827 1.941214
238.8443 30.95051 -44.48102 14.10253
224.3265 11.57559 -57.91386 -5.21647
224.8644 15.19741 -56.17892 1.981334
223.7717 14.43571 -59.9017 -7.943072
228.8677 23.82401 -58.60134 -0.4763869
224.4539 10.99685 -59.83248 0.4763491
219.324 10.30314 -64.10364 -6.924247
226.7872 21.5468 -54.40394 3.034337
236.6992 25.4193 -44.13234 5.194834
237.6068 26.4321 -49.03484 12.98719
233.789 30.10163 -46.16594 13.33289
227.9148 22.57021 -51.95559 2.859969
230.0936 17.23645 -53.37878 -1.714694
224.838 13.7265 -54.05395 1.169824
234.4746 24.88366 -50.02598 -0.4238992
235.7853 20.56486 -50.45409 -3.133042
224.6903 13.0927 -60.18385 -11.25969
226.8829 8.823577 -65.12592 -1.46768
216.2688 5.540725 -70.88026 -15.53708
220.4954 11.89023 -61.1494 -16.12063
213.4201 9.036855 -62.7368 -3.439642
219.8591 8.415887 -61.95078 -6.523665
234.6742 26.75172 -41.37991 10.37485
227.7988 15.6125 -64.19187 -0.2345267
212.7783 2.597011 -69.62049 -20.41962
216.4989 1.939294 -69.74939 -12.1258
218.2007 12.61845 -63.05415 -10.2081
217.4344 7.228477 -63.97268 -11.48404
209.7585 -6.236854 -67.10491 -24.57383
203.0881 -5.559863 -80.6536 -17.56173
208.7517 -3.582495 -77.27508 -21.19687
201.2879 -12.34808 -77.69887 -21.79404
203.7817 -5.249133 -77.97015 -30.58384
194.1591 -7.291492 -81.6912 -22.92304
199.8956 -9.216924 -87.49482 -30.11463
194.7735 -14.30486 -85.09548 -33.4902
195.399 -14.44086 -85.833 -35.43002
193.4316 -12.57093 -85.39429 -39.90478
198.4004 -11.63595 -75.6234 -29.56471
202.2697 -8.284528 -82.62356 -27.89836
208.0449 0.3574683 -69.36074 -19.34047
215.4814 4.137556 -67.11195 -15.58604
216.9266 4.285649 -66.76423 -16.34227
226.7083 16.6809 -57.95332 -2.245528
224.8292 13.06966 -60.02171 -1.528593
218.8049 5.215246 -65.38819 -9.626494
222.5157 15.30808 -55.95296 0.4772122
224.1307 13.77902 -62.74046 -10.06194
219.9789 4.684089 -72.47892 -15.73898
214.2336 2.64489 -61.86004 -10.92108
222.1073 14.41277 -61.21439 -9.47587
221.047 16.75339 -66.44754 -5.271053
213.3515 9.654326 -59.70944 -12.42417
226.5571 12.76239 -57.96414 -4.355074
234.2107 18.06599 -47.69429 -0.3538535
221.6105 15.01795 -59.66466 -8.289186
214.0639 10.35164 -70.86656 -12.3164
208.4229 -6.519319 -74.23074 -24.32469
200.702 -15.31468 -78.33731 -24.10585
213.0474 -0.002204231 -77.00322 -22.49652
205.0626 -6.271863 -67.01891 -18.73352
204.8938 0.2077131 -74.02316 -25.64796
215.3758 6.169595 -63.434 -9.105221
204.3239 -8.042121 -72.31738 -24.89702
209.3807 0.5813311 -70.00907 -17.22288
197.1307 -11.48262 -88.08578 -28.57076
183.8389 -20.84906 -94.51029 -45.63698
175.3076 -33.97631 -103.1255 -48.01388
169.8206 -44.29023 -112.1968 -61.4115
171.9628 -31.20511 -106.9218 -54.9927
178.024 -31.41701 -102.0567 -55.11053
178.5473 -33.42156 -101.0795 -49.87989
170.5245 -32.03395 -104.6792 -46.78896
184.7079 -35.44403 -111.2231 -55.60843
169.9274 -32.29529 -101.9898 -54.47786
173.4734 -41.41922 -112.1682 -46.743
174.4187 -32.11516 -101.6521 -54.81665
184.811 -29.67667 -99.54672 -45.0528
176.5735 -30.28013 -103.651 -48.72161
165.5754 -34.3091 -115.2403 -55.53505
163.3188 -45.37655 -123.5719 -71.99533
165.6893 -43.45695 -120.3848 -66.13863
155.1198 -51.42525 -120.3352 -65.3308
159.7682 -50.73555 -123.2545 -67.78959
157.3677 -53.95547 -126.92 -74.80584
155.8198 -54.69359 -123.1554 -72.82621
164.6121 -40.56836 -115.7206 -62.67694
151.9405 -58.56427 -129.6788 -74.2921
142.9277 -72.31962 -138.8994 -89.69253
149.1603 -65.04836 -138.5478 -92.08301
153.6182 -53.71735 -128.2501 -72.36418
162.6467 -45.71858 -121.7363 -64.0231
168.9194 -36.9452 -113.008 -58.64918
175.6922 -32.81251 -107.5761 -52.39431
177.4993 -27.74138 -106.5075 -51.48949
173.7574 -34.31238 -108.0199 -50.71681
174.3647 -36.29534 -106.3446 -58.6155
169.1454 -33.49753 -116.0641 -57.53783
179.5148 -43.20914 -108.0012 -56.66023
173.9844 -34.27048 -119.9828 -61.18912
167.897 -36.83962 -113.3922 -65.4367
164.9003 -40.15298 -110.6972 -56.23593
179.0062 -39.26683 -108.0801 -55.25331
181.1813 -28.44948 -101.5279 -47.78964
177.0783 -27.46462 -103.6543 -49.62418
185.049 -19.98686 -97.02108 -38.87906
191.4938 -11.48746 -81.42892 -36.10952
197.3109 -7.681841 -85.00499 -28.11982
192.6645 -16.87126 -89.77326 -39.11988
193.6627 -8.030667 -84.0244 -33.418
207.9789 -4.108598 -74.72853 -22.69654
200.8736 -9.738867 -77.93965 -28.13171
211.5214 -3.516489 -68.11505 -27.83927
188.9492 -14.5456 -91.9578 -39.61674
195.8528 -13.61492 -93.23796 -36.19457
183.8227 -24.15938 -95.65271 -45.25632
180.2905 -31.32832 -103.7051 -45.04868
182.4675 -23.70287 -96.0953 -41.13095
194.7476 -16.78075 -88.23716 -34.41475
192.4567 -25.81488 -98.02558 -38.54397
194.75 -19.96465 -88.21491 -35.40658
199.2169 -12.03675 -82.63939 -27.99609
213.4672 0.4499452 -71.85961 -25.29605
210.6699 1.520279 -70.98888 -19.57727
197.0268 -19.42412 -88.96605 -32.40609
187.7657 -24.70524 -102.948 -47.13034
172.5866 -34.3071 -102.6999 -56.59466
172.6366 -36.9506 -107.0935 -51.80304
180.5159 -31.94309 -104.6544 -51.84431
197.9016 -13.75469 -86.36941 -33.47029
191.0878 -17.14574 -90.11937 -35.13567
194.3839 -16.88603 -90.29679 -33.40034
199.4518 -16.09328 -93.69013 -31.07958
185.7675 -24.15635 -94.26377 -44.74174
179.4644 -30.1055 -102.314 -46.06705
197.6113 -11.82648 -83.03768 -26.9032
205.2451 -4.098957 -75.52268 -23.26015
209.5221 -2.878281 -71.09486 -17.81586
203.5092 -9.712228 -74.63306 -30.39451
210.6511 2.059337 -71.47684 -19.61803
206.1849 1.653063 -75.70839 -18.97511
208.254 -4.625806 -70.55826 -21.90242
219.7943 11.31673 -63.16898 -6.960613
227.6013 19.26909 -49.86249 1.925115
228.1667 18.45456 -50.50515 2.289547
230.0575 16.11519 -52.76524 0.7472147
234.9229 21.20629 -51.75388 0.4451409
234.1121 23.36883 -57.39744 -1.537346
234.0337 28.18664 -45.80864 1.179691
233.366 18.0569 -59.71394 3.039332
229.0504 18.20152 -54.49838 2.868644
250.6541 29.96454 -40.52483 16.81884
247.8738 36.27657 -33.0128 19.5905
251.0445 51.17525 -24.74123 29.79532
258.103 49.15365 -20.53631 31.58521
260.3342 45.85687 -19.24834 30.85673
260.5112 47.39862 -24.26055 26.86739
251.1988 46.05924 -30.71139 21.20458
259.8447 45.26988 -24.08756 21.06143
267.025 51.71785 -22.6325 34.45191
261.6513 56.58497 -16.72272 38.27136
271.9026 62.02432 -11.4435 45.75392
267.6756 55.69375 -12.81355 39.08231
276.5261 61.70962 -6.585172 38.77533
282.5636 68.30183 -3.464826 53.29228
273.9778 69.45549 -9.187983 53.28433
282.1457 72.74914 -1.145864 57.34281
280.0957 67.40718 -5.643779 46.59831
295.6859 84.91052 13.42131 64.72653
294.5953 73.1482 5.907211 61.03637
287.4758 79.93066 5.351628 61.96753
292.1998 86.13464 8.079519 67.27592
293.2553 76.5594 9.692193 58.3304
287.9783 73.19081 3.2068 57.04859
287.4244 79.89939 8.502361 57.64329
289.2991 78.94679 7.923806 61.44464
293.4125 84.30143 11.32965 63.47295
293.6952 75.08174 7.912497 64.53592
295.1005 85.35667 13.13529 68.84677
306.4591 91.49947 16.39394 69.92627
301.6592 103.918 20.58537 79.24095
313.6069 99.6407 27.10481 75.56839
312.905 101.6241 19.53416 80.48969
317.8699 108.9343 40.31174 91.39519
321.2916 111.1162 38.97389 86.58303
336.7384 117.0934 49.43763 100.1515
335.31 123.8181 50.37933 100.7692
326.278 114.6828 41.26229 93.16564
324.1956 108.6267 32.85545 89.72515
324.3921 110.6665 36.81823 96.70646
320.6038 112.4677 44.0795 95.10504
308.6027 106.9615 31.14813 81.94347
307.3393 98.11271 25.02143 75.62877
309.092 94.42095 27.29694 79.53789
315.7314 102.908 33.38185 90.34138
311.5677 100.085 34.80933 80.93019
315.1194 111.3729 26.72132 90.09318
320.6275 115.8622 37.20767 92.64024
320.904 111.2503 33.00416 88.13854
318.859 110.3158 36.67915 88.55413
305.7604 103.0416 28.20376 80.09169
310.8613 106.9537 31.15593 84.42471
316.6657 103.6405 25.47995 84.24029
306.0014 95.67442 24.72747 71.20553
299.344 92.58544 17.79566 65.90697
301.5445 84.65315 15.20317 70.56567
307.3058 91.59138 25.80417 80.43193
313.35 103.5311 32.93449 84.51853
308.6675 103.6032 23.96131 78.39452
315.4314 100.8574 32.55464 84.93192
306.9139 100.293 31.37512 80.56871
295.9683 91.96714 15.59558 67.50008
305.6751 99.95342 21.16845 72.26875
311.4362 107.4693 31.92072 85.79926
313.5236 98.06109 28.47985 84.95164
317.5701 105.8231 35.83417 84.67857
307.0668 102.1884 30.00277 84.10892
316.8542 102.8606 37.34238 89.31417
310.0971 98.92249 32.90273 88.59593
300.253 91.18584 18.12538 76.6204
298.0011 87.75339 20.131 75.20556
296.2266 81.77547 12.97964 71.27587
306.7966 93.07597 17.45696 77.3688
300.9469 86.04619 15.78601 68.77176
302.0986 89.2806 18.96712 75.83099
306.512 89.20506 19.60915 76.20398
314.5101 103.7995 32.21446 87.54775
318.7167 104.2636 36.57447 90.75165
325.8706 111.1237 40.38028 94.99422
325.0877 114.5078 44.34665 93.09416
323.9695 117.783 44.01543 96.45872
329.4112 115.4499 46.24571 99.80845
322.4386 123.7054 44.89187 96.62174
317.5294 111.6738 40.5891 92.26599
329.0621 115.9642 50.1555 102.856
333.7443 118.3632 44.03532 104.0663
316.2284 112.1106 38.16197 88.26181
303.4546 93.9997 22.11352 81.46063
303.7155 96.56882 19.63967 78.51738
313.6821 96.46521 29.8028 84.58203
304.8006 90.76191 20.7209 77.25473
307.8699 100.5197 24.01353 78.0248
305.9211 97.08084 21.28968 80.02068
295.9573 92.2001 16.79247 66.35302
298.1299 81.22432 7.977436 65.97477
279.0833 72.3505 -1.148232 52.84041
271.612 63.31611 -10.2681 44.03212
272.8433 67.95881 -3.422795 45.91351
283.0244 79.34222 5.724627 58.34874
286.4861 76.3449 2.63304 58.93869
281.5192 72.89238 4.699351 55.74049
285.4128 69.48396 3.888483 57.8023
272.9942 54.40494 -7.317765 42.4172
260.0744 51.32371 -22.22853 31.51481
270.8589 62.50378 -15.73709 46.85369
279.661 74.66315 -0.8529831 58.88984
272.971 64.78786 -13.57839 47.87651
264.5896 57.2798 -9.413713 40.96846
263.9977 53.60805 -18.16491 35.67296
250.5512 43.89483 -37.18445 21.07687
248.4166 36.49929 -36.82276 25.65078
264.6308 51.52545 -16.54576 33.40164
279.2805 64.98971 -8.222356 50.92591
273.1323 63.7723 -13.69693 36.28144
270.084 62.74472 -9.986661 41.00489
262.5164 52.15811 -25.83954 29.91695
272.343 60.42994 -6.424373 45.45206
273.3921 60.71156 -7.169391 39.61455
279.3244 66.7475 -2.502297 46.37608
275.8873 66.40237 -8.168286 50.64489
281.5146 67.96208 -2.029679 49.21874
278.2856 66.763 -7.908436 48.72455
269.8704 57.50579 -7.005204 38.86859
273.0663 58.05169 -7.98293 43.75736
268.9312 54.17143 -17.30327 30.42098
254.9955 46.40903 -31.10598 22.14087
249.5878 44.18028 -27.33797 23.67772
252.7446 40.44406 -32.33622 22.30099
238.1899 31.68503 -44.61777 12.23833
244.9588 29.5421 -40.28131 13.96419
245.4343 34.771 -44.73914 13.85602
244.4325 32.97197 -35.82907 14.95842
234.2787 21.03005 -45.52027 13.21505
231.6925 22.04471 -44.61144 2.139499
237.6613 26.49595 -48.10636 3.479105
245.4673 34.91649 -34.96877 20.36346
242.8912 29.56516 -37.07457 7.270692
238.7493 26.56341 -45.83777 7.193388
218.6631 9.54843 -56.57152 -0.4543191
212.7982 -0.248919 -73.38347 -11.88197
214.8316 5.961797 -73.35444 -18.38966
217.391 2.561381 -61.0762 -19.13898
217.5427 11.06979 -56.11762 -5.672575
218.4373 11.75032 -62.53669 -8.591912
217.145 11.84997 -60.5731 -10.561
219.623 5.762399 -67.58823 -8.954298
219.6557 6.725565 -63.158 -7.488235
224.9575 14.82162 -59.10855 -6.482336
219.5509 9.141387 -67.0128 -13.68161
223.1286 9.137585 -56.93777 -15.83131
218.4994 2.591432 -64.00743 -15.91742
213.2086 7.951981 -66.60875 -15.81039
230.1202 11.83701 -55.60121 -1.434351
228.8284 22.57631 -53.06287 2.583538
237.0873 27.23141 -46.13081 9.615892
237.8539 25.08812 -53.97099 1.325764
250.4215 43.29414 -34.62354 18.03302
248.8619 40.27844 -29.69723 21.10025
253.8935 38.30187 -33.35604 20.29657
250.754 42.12699 -35.6373 20.05232
243.0764 31.97918 -40.33453 15.15966
246.024 37.53659 -30.25468 20.05449
257.0031 41.36845 -30.38554 25.22072
237.5434 24.80658 -43.96776 9.680371
237.8686 30.93616 -39.82446 9.295
253.4316 37.8923 -30.9849 13.86619
240.5298 35.75589 -33.62772 19.25271
246.8384 41.8439 -38.80892 19.00682
247.034 37.70393 -35.87429 17.5908
249.7339 37.81288 -30.36329 15.95364
259.3948 49.0865 -24.58697 30.33615
256.5586 52.7758 -17.55049 35.86169
265.3472 57.81639 -21.62216 38.56127
269.5078 59.83714 -8.677112 43.80593
273.8752 66.97529 -8.947864 42.32936
271.1373 57.04329 -24.16826 36.17266
258.1654 56.04882 -24.14953 31.13892
255.6637 40.42303 -32.83544 16.92521
253.2953 40.43978 -28.54851 23.18677
253.6983 44.14186 -27.01546 23.57152
254.2884 37.28856 -34.80887 19.4266
247.3065 36.17256 -27.6804 18.36412
257.3185 47.77541 -21.70441 30.3673
253.7625 40.01499 -34.5983 22.30455
257.3127 44.58832 -26.89272 29.11709
258.5393 44.36813 -26.92158 28.77973
252.6954 46.87865 -21.8035 31.21096
251.9187 43.15505 -28.92415 21.70098
245.43 36.98754 -34.57705 21.48847
239.2871 31.25601 -43.78141 9.44278
240.7923 32.12861 -34.93975 15.61774
240.7149 26.98247 -46.19207 4.966603
234.5683 26.54873 -45.92579 6.90795
229.502 25.77013 -52.16727 3.026263
231.1371 24.5299 -50.46373 6.957899
237.9045 23.72916 -48.07205 7.037913
228.7153 13.24401 -53.18636 -3.205762
230.5905 17.14634 -54.22021 -4.856734
240.3283 28.35644 -39.58844 14.78483
248.5633 39.56574 -38.22663 17.77054
224.8323 19.08607 -51.40019 -1.848131
