334.1438
315.3586
416.2235
443.6132
427.9418
318.0706
343.5577
234.1362
444.9124
390.3117
513.3268
488.3124
505.4869
240.7075
152.7004
327.6032
244.6872
447.26
357.1819
323.5553
380.6397
480.3864
254.0237
319.0983
259.7687
238.6846
385.778
458.8658
363.9822
352.4425
364.4303
340.9201
424.8786
305.1541
424.9913
315.8572
351.9784
400.3892
374.4293
237.4754
211.8884
346.2994
255.4784
245.0931
200.967
276.2887
351.1159
429.4888
343.7355
503.0326
274.8039
203.4338
309.3984
324.7581
339.4741
361.1641
322.9502
382.4655
231.3943
309.7298
256.8474
332.7929
380.0838
350.28
320.8183
299.4379
304.8275
337.9169
307.6103
298.188
476.8522
422.1884
320.852
229.4049
343.0844
276.2275
293.3626
276.8344
400.9541
408.4657
273.1936
561.8433
482.9371
421.3477
253.4821
470.9828
517.0477
355.0374
394.3323
358.4899
235.7581
318.0936
307.1582
359.7585
486.9868
488.0754
385.7688
479.0559
387.3235
246.3438
343.9727
303.2521
315.5873
428.4622
320.4382
309.0015
189.1176
164.356
242.1822
275.959
237.6497
485.1209
252.1264
536.2988
339.0047
284.0541
282.7573
420.4832
418.461
456.5588
566.5649
435.8909
397.1138
346.7371
421.1135
297.0577
259.7917
237.3334
264.7514
283.3433
458.8917
264.5407
318.1388
419.0705
400.3146
279.5675
307.4017
274.3962
435.3531
412.2846
336.2999
284.5924
561.7788
311.0287
474.4109
297.6672
435.8576
216.1502
251.2205
255.9667
359.9454
313.8582
343.8033
400.1117
189.4903
389.0482
258.9941
321.7336
286.5277
294.09
298.1963
385.1124
381.9033
318.0104
313.2121
258.0227
495.2941
308.9533
249.7352
408.8763
475.091
251.7021
445.1625
274.4128
355.6069
400.787
354.5174
422.7579
265.6011
425.0438
419.6786
228.9338
273.7802
349.1382
303.9238
254.5987
254.3546
209.8825
277.7153
287.5085
415.9037
245.3453
331.2237
345.6569
279.7332
381.3382
342.455
182.4732
369.3347
520.6372
324.6998
387.5969
341.0925
397.874
538.7271
271.9167
368.1266
318.2803
280.9947
371.6356
202.236
473.9813
297.5935
472.8317
181.7207
289.1191
387.0022
288.1093
308.6462
423.2234
313.612
505.9989
367.5524
361.5287
255.1715
249.5529
291.4932
379.2454
460.6423
234.2158
307.3194
428.0051
443.0945
415.7031
290.8738
508.7734
416.6531
430.6314
372.7954
387.5569
248.6026
252.9348
258.4278
387.813
165.2664
302.439
326.1348
373.2612
199.8402
284.8287
229.5846
347.858
311.5594
307.1029
391.4586
309.6819
399.7361
487.2476
467.9417
500.7159
312.171
374.3884
401.7405
277.6926
260.2127
445.1492
309.9408
303.5546
381.7824
276.9516
285.2159
279.4825
538.7516
265.637
459.0993
327.4675
303.8708
325.0704
352.6259
406.732
391.8647
393.2641
653.0328
367.9196
412.5296
270.9332
209.6339
387.6672
256.0199
290.0779
327.1073
364.999
395.0805
330.7382
433.5883
529.9933
310.9918
331.548
344.6556
328.9733
519.878
367.4887
472.7216
389.5783
452.4525
266.1552
282.3391
301.0433
296.338
428.8783
362.2481
321.9074
382.5639
297.9308
312.9288
301.4023
348.5175
297.5218
276.183
282.4725
454.4576
334.3565
249.8104
256.879
255.0422
296.7088
512.7349
532.5338
385.0067
323.0748
232.2749
349.6301
367.4897
432.2266
146.4461
252.9247
419.1509
397.0083
433.1227
416.5805
450.1458
311.6508
425.0449
333.8183
491.1027
473.3805
300.9651
509.3252
487.4003
557.7559
195.473
400.4283
739.8289
337.4513
370.2748
319.1378
355.2273
381.8302
507.6362
367.2915
470.8764
213.4366
294.3884
357.9522
383.3717
319.0263
581.0493
319.2746
285.2043
488.5276
583.3772
271.5021
257.6443
458.9556
377.4568
334.6798
294.5522
210.4188
291.9263
338.4027
358.2096
354.1898
289.8233
359.355
363.58
323.354
287.0912
284.7148
260.0052
361.5425
414.5754
342.0669
358.5819
405.178
307.7769
342.3973
307.7511
479.8328
325.6624
268.6787
395.0705
313.7754
261.3488
321.2263
436.4988
563.2996
465.0275
262.582
255.279
510.478
266.6498
293.8191
510.7725
241.315
433.2059
450.2522
421.1283
256.7562
370.4428
400.6092
377.342
335.456
449.32
359.9646
356.5716
453.6952
312.551
391.5342
269.4594
328.4092
294.9518
298.0398
407.0374
511.7618
253.3404
495.054
391.2861
313.5354
363.4293
304.0748
260.5023
307.4132
328.936
306.9489
326.3513
303.7528
366.3555
312.3288
416.7652
359.8678
267.1119
368.5849
309.6643
252.915
242.2018
342.7094
363.9421
241.5873
260.4456
529.4223
444.4622
356.5613
373.7452
369.1068
320.1005
484.5341
359.9734
344.4988
194.1215
394.1187
588.9937
306.6926
252.3539
286.8248
308.7261
310.5949
333.8662
375.1412
408.0102
292.2375
288.0388
203.6348
370.8484
304.2132
280.2295
284.8673
284.3031
337.9479
265.1018
172.9203
249.2747
284.2753
344.3799
375.1035
351.6646
342.0962
242.064
280.6274
270.3509
497.9112
401.0961
300.432
259.4536
279.7952
433.7304
282.6869
360.4093
454.1091
292.1357
214.3839
419.9452
394.4516
541.5687
417.4301
193.7765
297.3215
275.1693
297.2397
436.7803
305.6385
250.8756
328.6318
390.8713
351.8728
282.2166
287.973
267.6257
257.8361
262.7796
236.9561
226.1311
216.8516
282.9138
209.4741
259.8619
469.4679
472.7934
416.5773
429.1246
394.095
321.3733
393.4908
339.4855
264.3767
411.7675
510.8623
285.5065
267.702
392.8528
299.8603
383.8737
300.2096
395.1493
348.9316
360.1779
235.1416
502.7401
361.3395
433.5474
227.5396
436.6085
232.0287
309.4568
221.2747
238.7524
340.4904
383.0668
342.743
462.4813
321.3804
362.4758
295.2063
414.8182
346.599
302.9835
468.7729
375.9845
298.1174
332.2355
245.0497
394.6789
310.8391
518.9552
242.7018
335.2463
223.0101
404.044
462.1359
383.3823
240.2509
169.2833
256.1584
345.9308
365.4362
344.8222
366.6319
271.8807
218.4256
331.0499
352.0129
265.8077
220.3734
303.5053
246.8839
420.3115
571.0289
328.9585
312.7471
375.8236
259.9574
512.3056
271.763
438.1374
297.6628
321.7321
326.7194
334.3025
485.667
338.7647
397.4305
590.9806
380.6314
380.1476
310.9307
354.7761
381.1218
482.7617
320.1797
304.0173
361.9112
317.4905
316.4001
227.4398
278.9913
312.0162
413.8713
455.3195
553.6781
448.8693
287.0873
367.3964
330.4875
283.4639
222.3316
524.4139
247.3986
285.8016
412.3281
495.591
423.8578
334.1162
427.6855
324.4309
407.5891
428.9461
382.079
328.6437
349.7648
502.5301
376.3628
326.2457
448.8889
237.3534
230.8564
192.2538
331.7682
276.3899
373.3227
375.3304
434.7413
746.2129
303.5787
239.8409
281.6183
446.2925
385.6882
447.6153
262.4231
278.4773
404.0706
269.2703
192.2845
224.8205
235.1769
281.6165
340.3703
290.7501
340.1054
282.3909
273.9885
510.4415
354.8235
300.224
330.6634
403.1079
342.7729
358.0852
373.2018
352.9396
208.2357
410.2508
400.059
369.9161
202.7644
293.1997
293.6508
277.6137
408.6262
512.8475
385.856
306.4854
235.7102
362.032
340.2438
508.7107
421.8907
373.0319
344.3237
260.6577
226.4678
305.3842
374.3108
442.6981
437.1456
323.4948
360.1109
357.1305
322.085
501.3252
246.0287
320.6932
381.3993
467.7289
214.8459
436.5682
517.9211
354.1386
268.3163
374.9364
422.3375
371.9445
381.5573
455.5907
380.0333
335.1116
252.5284
319.1965
341.4663
277.2159
397.9823
453.6658
445.9311
235.5633
427.5785
448.2984
341.7765
324.843
424.4836
350.8932
258.3583
351.8654
331.5795
418.5911
365.5952
291.1343
282.7806
328.2252
458.5415
514.9656
410.8408
403.8192
326.7954
345.057
325.3043
465.3798
361.0872
305.1511
274.7154
480.1386
249.261
408.3198
274.675
220.6026
472.1482
396.2111
256.011
409.4979
427.4442
462.3634
509.5262
437.8086
493.1225
390.9173
479.0079
615.9016
242.6328
346.2346
494.1145
440.4145
382.801
455.5467
270.354
403.0202
464.4101
394.7041
487.7165
417.5115
444.4662
295.179
351.1312
356.1719
367.5782
321.158
328.4644
314.3349
399.2147
272.2434
402.089
278.3226
365.4558
373.27
332.1072
423.1572
365.7713
547.149
435.7269
602.6432
441.0805
437.5299
223.131
386.3073
346.256
164.3524
266.62
490.6398
326.3153
276.9401
317.5427
331.8247
280.2498
276.4866
220.1578
269.8641
363.2514
292.5517
407.5782
230.1127
405.51
404.5129
295.5764
305.2936
529.5655
452.7702
426.6814
313.2982
280.6805
467.8516
287.5565
329.946
412.0252
429.8896
483.6915
300.7308
411.0484
498.1862
555.2531
474.9941
476.9286
411.8094
449.2008
321.8577
374.3758
282.3439
481.8989
377.4301
450.1987
435.3314
345.1063
430.1792
295.5578
302.503
318.1793
272.6669
418.6424
217.3162
311.8316
358.3217
292.0762
218.1876
354.7939
169.2639
229.6281
226.751
276.6124
310.2215
283.0702
347.2789
389.874
374.2937
506.75
551.9878
301.2667
268.2945
344.2438
461.698
463.2043
361.6064
354.2298
471.9008
471.1196
277.0913
302.1016
611.0439
452.5722
646.8723
428.1533
427.6886
399.2203
207.5209
314.6824
299.9887
363.4536
413.4127
384.8767
194.4306
417.7471
248.0116
347.0098
481.7378
450.6731
398.7262
297.6174
265.4913
344.5161
499.7558
275.7731
217.9331
374.7821
339.3175
362.3717
378.5756
269.1045
221.2265
319.1805
334.539
295.0513
437.9517
482.0614
319.5695
324.5831
429.8983
398.4484
336.7465
408.4596
304.8429
241.5931
271.8526
316.1859
261.2165
261.1417
410.0694
386.867
360.4322
280.6618
382.4524
468.6815
486.1617
372.0083
254.3431
308.2298
275.0983
422.7067
418.0313
388.6058
357.182
476.1239
668.0704
585.6584
388.7962
365.325
414.1251
340.2032
335.0887
309.3111
317.0575
362.6734
362.6215
353.7202
181.6365
420.0093
417.4939
238.7432
347.4327
399.2386
219.6995
267.7977
392.9828
206.2294
334.858
290.789
