548.8564
907.3423
773.2084
621.4143
864.1947
966.3946
636.4331
959.6561
564.9923
851.1408
610.056
572.3616
915.0529
1010.533
839.1512
1328.69
929.017
991.411
1289.344
1297.296
939.2319
659.0327
772.6434
1623.029
1203.442
1428.501
1043.117
1077.432
771.8764
1061.713
992.3496
867.6572
887.1036
847.7873
932.5846
1013.723
1052.952
1594.495
825.9285
1456.111
829.5888
942.964
960.4326
2151.874
1186.25
934.1998
920.1517
922.2225
1124.113
1051.398
1032.866
1160.465
918.7319
848.1816
1366.197
1189.556
611.4757
1179.88
901.7993
605.7231
1337.727
991.3022
765.6792
674.703
1040.583
888.9876
810.6754
917.7239
713.5557
703.1578
807.2744
784.2197
417.4009
920.9994
1121.703
1073.948
1129.784
1217.634
1490.439
720.9827
682.1327
391.2535
487.2981
749.6108
748.8944
665.8933
1169.589
805.2833
761.692
1083.695
1502.751
934.9935
1424.093
1651.911
789.0969
797.5913
709.1015
1092.105
1202.386
1814.433
1284.799
770.8532
985.9879
617.8638
1259.666
1098.625
1283.014
683.4497
1593.337
1587.082
1164.637
793.0142
988.1905
698.7992
1076.707
698.9443
664.6633
968.6988
1133.508
630.17
599.3564
536.0798
619.6096
1078.565
1261.467
751.3295
594.0038
1636.947
1411.426
894.4244
746.3153
565.0414
590.8931
762.8903
1271.294
875.372
993.3409
969.1736
863.5937
672.839
775.9971
853.5676
1223.506
847.3365
616.8102
1124.904
1467.583
1105.036
1318.577
1044.365
1282.674
1036.536
727.7572
1016.866
1082.476
2140.412
1308.536
1132.664
1247.323
949.4439
961.8571
1062.285
1017.763
823.7864
775.5088
744.881
635.2239
1062.529
1039.729
754.2549
816.1596
769.2653
781.4208
1201.937
1290.846
1090.717
687.3437
903.9519
835.7743
1066.819
1305.281
1521.876
955.0781
1110.882
882.6837
783.7576
749.1996
985.1961
988.9234
1036.749
550.5496
741.2646
1054.101
1058.848
1148.402
810.3444
892.4106
702.735
748.0375
1128.465
1094.051
977.3448
989.7847
764.8686
961.5908
1163.669
916.1802
1084.26
1573.901
1251.251
813.6892
847.8202
725.5301
711.3528
1109.256
922.0646
994.4066
1263.69
1207.955
923.94
971.8969
637.5339
597.701
1031.459
999.6513
1513.218
1211.168
1260.108
758.0639
1139.935
1164.096
1331.76
966.7082
935.3216
1213.106
995.9616
620.317
730.2428
1156.766
1558.055
823.9694
780.5655
740.0313
955.2478
1055.776
1110.217
808.5271
1698.657
1632.72
1106.142
2005.471
1239.192
1662.489
1376.928
1409.56
1169.319
798.8284
1059.435
782.3257
871.3764
1062.227
1421.148
790.579
1132.516
965.4476
929.9592
903.4225
910.8161
800.7806
718.6794
494.252
785.6722
1086.855
924.8852
717.7246
882.9063
1101.164
822.1387
1544
999.5894
749.4853
621.5691
422.5167
451.8032
674.2945
763.1745
897.4295
796.9623
930.3538
1243.751
1129.21
1156.657
919.845
1193.895
1080.283
964.8532
847.7301
739.1649
1380.097
716.2008
719.9017
1442.874
994.5461
733.8326
711.7331
877.2559
1200.262
1032.996
731.5044
567.8469
551.7979
724.5517
500.7377
728.0505
1161.032
901.4121
1155.204
1483.511
1365.885
889.6899
608.7244
812.6843
999.0127
880.3383
909.0437
900.4217
1102.601
963.939
1199.337
1142.437
1122.925
1079.113
1097.306
1066.159
1390.213
998.7454
887.4032
664.7928
819.5081
804.9463
543.3385
1184.881
605.7575
757.1997
1314.16
676.2579
621.0928
646.3644
583.0134
624.3614
976.5967
793.5505
671.1869
504.6953
856.7849
678.488
1165.278
509.7901
820.4341
576.1634
1307.478
1870.399
1200.893
821.8829
678.8163
450.9033
392.6458
685.1298
979.0464
451.7018
862.1751
1189.542
1803.568
1011.22
518.9563
716.2614
1126.613
1171.852
797.7412
843.6284
625.3365
567.0283
1059.833
1599.622
800.6838
954.6599
1037.59
662.123
685.1439
1008.078
1173.48
1139.475
664.8718
793.8052
583.1672
695.6081
1120.858
1421.384
1271.376
1018.228
880.1221
664.7032
1363.751
763.6557
750.1374
729.139
570.144
672.9083
828.9011
1314.775
1151.002
982.0447
962.2387
659.1153
765.1806
725.6981
1543.833
831.2274
892.1428
629.1792
815.7958
549.2189
869.5975
1328.534
1046.834
916.8565
979.59
965.4769
729.1176
1062.434
773.9379
793.1469
437.102
655.2757
963.8163
515.3561
928.8376
523.2439
949.3937
990.3893
954.9273
1281.666
1690.768
848.2093
824.7661
725.1975
1300.431
867.2169
733.4015
955.592
642.5886
720.3141
880.3199
1063.06
1329.65
1091.094
1245.867
853.4477
1052.357
779.0755
619.4518
684.5862
1139.148
1179.073
664.2664
685.9465
957.5922
1277.559
1048.062
605.0267
593.2981
997.8662
1132.715
995.9329
1071.705
1698.515
1527.346
1244.316
931.2292
1089.967
900.4174
1014.012
768.9179
1128.38
1005.599
724.5752
1142.339
1162.789
1192.218
1748.67
1414.282
1086.841
1147.409
1086.855
897.4741
695.8761
945.2862
695.9505
1252.141
1442.948
1147.714
1141.137
1314.171
871.9312
1210.947
828.1796
1009.99
1081.724
1367.309
1259.672
1293.117
577.0257
333.0278
698.7293
1072.348
1333.522
909.2837
1473.612
982.5745
1308.071
977.4976
1050.84
1157.211
1369.84
841.5252
1167.633
1155.029
1464.73
915.1411
1464.246
735.5888
937.0855
684.4476
1005.353
719.9987
612.9476
638.9928
753.1071
645.8917
904.7634
682.0859
630.6622
625.2986
977.1068
718.9576
828.3678
874.3481
949.3002
986.0404
1672.826
1119.09
1453.626
853.6179
927.1543
875.083
1162.054
1687.518
1119.156
1147.905
984.1152
867.6667
1145.467
1558.942
1023.591
1008.476
853.1518
719.2108
669.3244
827.9415
614.1031
722.3702
629.4668
1065.73
971.6485
1252.867
740.1856
1593.226
1441.999
1373.446
983.0845
759.6082
1053.52
1526.134
824.9043
881.1543
1333.396
864.807
751.0888
671.6533
1602.164
1315.324
977.9555
1068.692
851.3172
893.9239
1080.402
1388.535
1618.406
1644.999
602.2479
842.3259
1344.96
1142.722
1013.028
1208.502
1077.623
1180.099
929.3018
1081.25
908.4808
1331.917
983.1435
1272.429
998.4777
1150.53
1171.06
1129.974
1239.377
948.3644
1028.814
787.7366
694.0158
1284.313
1253.299
1348.476
1175.04
1819.856
1440.938
1138.104
1366.09
1120.47
1452.148
960.1725
1071.375
853.6207
921.9023
896.4132
940.1044
921.525
1028.058
977.1104
1616.975
1427.169
1192.973
1390.96
923.1547
1407.663
915.8703
1147.119
615.1458
748.995
679.042
858.9483
636.9198
616.5631
779.7079
893.6316
849.3768
727.2646
828.4704
924.3901
736.358
1199.809
1458.654
1166.555
993.3961
1373.012
986.4572
1337.353
1009.86
748.0027
919.6986
1046.68
1358.71
1687.891
1216.953
862.4622
851.3301
1072.758
541.7498
700.3348
954.2641
1069.06
929.05
633.045
1067.049
1156.301
1446.67
743.0956
774.1379
749.5081
757.4709
852.3714
828.9451
467.8193
1114.903
902.3579
751.7521
1037.778
893.0105
829.3858
784.3783
1133.98
1087.356
955.959
918.1253
1501.163
1038.18
605.3654
1052.009
946.9157
1394.239
976.1875
710.9312
531.8281
728.4873
521.5096
1396.064
1615.291
837.0456
558.9016
1075.553
530.6325
649.1296
596.7153
411.8211
651.3937
807.4368
561.458
771.6765
637.7924
1491.668
1770.381
1372.713
700.1456
800.9726
864.4026
907.3911
654.5217
446.7133
781.0932
762.7934
714.8996
1417.775
1319.873
1139.894
1130.6
1081.102
835.5872
1234.622
1010.032
609.2985
1133.623
880.805
753.0949
877.9794
864.4542
1089.284
862.5804
586.2685
1077.353
986.15
1295.448
909.3109
788.456
767.8906
1109.033
575.4548
838.3306
984.7114
979.7216
749.4681
1088.936
996.0269
1110.9
1291.717
1174.385
944.3759
919.6391
797.7354
1215.704
1293.56
871.4719
945.7869
1179.093
704.5241
869.9288
655.171
327.9705
521.6711
377.0702
519.4652
482.3048
405.9009
404.8235
816.995
903.0231
637.9742
687.1527
387.0307
756.5313
472.2357
858.4044
870.826
1212.619
731.6433
499.6122
944.3249
1329.639
1133.019
1513.607
1043.509
1235.341
854.783
923.2595
887.5888
964.9202
639.4372
721.8036
1018.537
868.6061
820.2187
483.8754
608.7089
857.793
560.2972
653.6337
781.2737
937.4194
1120.103
930.4992
1223.752
998.6214
1289.596
1098.64
951.7151
1067.735
743.7775
975.6256
646.4065
1655.134
986.0657
1686.777
1008.575
1147.094
1117.866
1184.691
1053.323
1125.013
1122.118
805.6613
452.2757
475.0181
486.1557
752.5638
1135.497
839.884
831.172
1297.443
745.2925
611.5286
1130.026
954.3225
793.1569
894.8705
700.126
465.8434
322.7675
606.2006
825.5075
1055.473
1221.627
923.8662
883.1311
812.3652
568.7768
919.9895
637.4446
790.2406
739.8608
1433.567
1239.331
1471.785
1142.057
963.2719
836.2728
944.2613
666.1614
736.6765
942.1764
803.7515
1133.966
1160.572
1277.677
1485.534
1595.178
898.8256
642.9811
522.4504
768.7931
740.9446
1091.244
999.0628
671.6297
984.0407
689.8249
865.6486
884.6147
552.8754
630.5352
839.9509
858.9716
1095.843
1182.688
884.231
911.0728
818.761
968.8612
824.2928
984.4271
984.5908
950.1848
527.2895
1318.838
1323.874
1035.572
784.5189
534.8077
549.0253
476.6715
656.3237
656.9705
997.3421
565.3723
590.3633
1026.438
1185.017
1253.38
1437.611
766.225
598.7691
905.7649
1285.416
536.4408
670.5213
706.1101
798.6971
643.1151
380.1863
394.2333
930.6523
946.3858
894.5565
964.9619
712.1633
486.2551
1258.803
1129.467
1041.976
1378.071
761.8742
991.5337
720.46
695.1317
803.0397
888.1977
832.6332
1287.228
740.3377
649.1622
722.2628
1030.851
673.3088
488.8953
717.484
483.148
443.518
1055.725
1211.399
898.7442
1431.36
783.8871
1201.18
900.1107
520.8369
1047.098
923.4891
1176.35
1461.205
612.0653
554.6341
1123.443
718.1378
1494.812
1221.475
1247.025
1276.318
1206.085
1029.291
1286.48
