147.8075
141.4596
144.949
155.4656
164.5379
168.0897
166.9551
166.9875
169.4459
173.6293
174.9795
174.4912
175.4722
171.1093
173.8556
176.6378
178.9459
180.8346
181.1922
175.7273
170.212
165.8112
164.8774
162.0854
164.0712
155.8986
165.8245
169.016
168.7842
163.9865
173.56
183.8894
195.3335
189.1663
180.6871
180.9571
191.1861
185.3149
185.1699
177.1652
184.9074
182.2452
178.1106
182.8571
182.101
178.8799
190.3726
188.0409
199.3648
193.6904
183.9045
185.0736
188.5613
180.4621
185.7505
197.8019
200.9033
194.562
193.2266
189.0101
201.0289
210.6317
207.7065
208.4426
201.8767
205.4439
198.4216
198.6355
194.164
189.5678
178.3996
178.0352
189.4121
196.394
195.0385
192.1282
187.5909
187.6796
174.2088
179.7096
180.6431
186.3173
185.8815
177.0176
178.3775
166.6666
155.5299
157.308
161.7486
175.4806
166.28
171.1876
178.5422
172.6777
174.6648
177.5282
178.298
181.911
185.1479
188.4465
181.046
179.7273
193.4658
193.5474
197.9816
206.4704
204.8225
198.1155
187.8073
180.4937
172.1492
162.0518
151.622
152.6236
163.3125
149.8767
149.5058
156.6433
151.4007
163.4414
157.3507
157.7444
150.9106
156.7148
156.4948
158.4265
161.9272
164.0865
162.0683
154.0054
160.8895
161.085
166.6314
166.2225
161.4053
162.7551
168.2482
171.1377
180.5423
171.939
158.8845
158.9269
152.1632
142.8756
132.7188
133.0776
148.5434
148.5025
138.4243
130.1578
134.4937
132.2639
119.4745
115.7546
106.3493
106.8857
112.9745
114.6949
122.4716
122.7636
123.4033
127.3664
127.1618
118.256
114.7251
105.7854
106.6184
114.814
117.6607
125.7902
124.928
126.141
129.9614
137.1128
139.727
137.9225
134.682
147.2809
152.4713
163.1569
159.598
166.1619
162.1664
152.8354
141.419
138.0844
136.5192
139.1948
143.4026
146.0109
144.017
130.2712
129.4687
123.4259
129.4025
113.0513
107.8697
101.0697
111.2558
114.504
109.0692
103.0764
98.88608
93.81115
97.13169
107.67
123.6746
133.2469
136.307
135.7287
150.3452
143.8509
144.8094
130.5032
129.5411
127.369
117.1703
117.386
121.011
118.5309
118.6422
122.0319
117.508
121.5422
125.0211
126.258
122.0071
108.1426
104.924
104.7546
105.8005
105.3336
102.4797
101.6579
102.7171
100.632
101.2845
105.2619
104.2402
109.3228
105.6711
98.83561
92.1469
89.30672
76.09561
79.2875
73.13532
68.23724
62.35411
67.86068
66.49584
57.81931
67.45728
70.66552
68.28973
60.97716
61.02776
61.53973
48.52312
45.68958
46.79272
58.77825
53.79574
55.04211
59.42537
58.81163
44.5882
67.21029
58.85395
54.61844
58.97214
59.65528
59.67207
63.23425
68.22973
66.67021
73.99151
70.51683
75.16862
75.63539
72.47438
76.27016
73.07368
70.53886
67.82059
55.88661
56.43786
44.46374
43.82245
42.84662
40.86363
38.59715
44.01296
53.98331
51.88961
61.06802
57.9298
65.31616
58.21386
42.59257
38.21083
40.58477
30.1562
23.20886
36.88476
28.96492
28.46068
11.53481
-1.744907
0.7512379
-1.384638
5.739573
12.67987
17.61963
16.23464
14.64019
7.869703
11.99119
1.139442
-8.473942
-7.383928
-26.62382
-25.67027
-25.39718
-32.09783
-18.62921
-12.06376
-8.306989
-6.403056
-4.019895
7.070008
7.411873
7.457162
4.391746
-3.535582
-3.957362
-10.45155
-10.43947
-17.36535
-17.30591
-25.69762
-19.02389
-12.82542
-12.82554
-11.7712
-14.29923
-18.71877
-16.53856
-26.44871
-33.81814
-37.2509
-40.68959
-35.18382
-38.04745
-41.29324
-45.92417
-37.37748
-46.13235
-53.22608
-44.12781
-48.56287
-38.2368
-35.00731
-16.27624
-14.87888
-25.26997
-24.29694
-20.88747
-23.2499
-27.46969
-24.81312
-32.28982
-35.18604
-42.13299
-47.96924
-51.55938
-44.64643
-42.70591
-44.09906
-55.59738
-54.04513
-59.78397
-67.6662
-67.75256
-73.91937
-79.43419
-72.44052
-68.91385
-69.28275
-80.15739
-80.76012
-83.76418
-94.15309
-95.34729
-99.78113
-96.41224
-93.8349
-100.6928
-103.9762
-97.00322
-94.29874
-92.95158
-85.53628
-78.21205
-80.12262
-81.11889
-85.7532
-85.61477
-87.35754
-80.32688
-79.38092
-79.0253
-68.74529
-58.51781
-46.23255
-45.36489
-51.92067
-38.54164
-49.02747
-55.87634
-59.76106
-56.92743
-54.4863
-46.66631
-59.77503
-67.16265
-63.82842
-61.96573
-67.30688
-69.5948
-71.5389
-75.30365
-71.08421
-65.69245
-73.61272
-63.61348
-70.14475
-78.37368
-72.94312
-69.54473
-71.70924
-74.8178
-80.40657
-76.53616
-72.82991
-66.8133
-57.63621
-57.03545
-59.79812
-56.05104
-56.04577
-52.70843
-53.95271
-47.95825
-41.3819
-40.47808
-42.43971
-45.65105
-38.09017
-46.45386
-46.21955
