1385.511
1243.3
1005.051
1315.847
1286.03
1457.723
1297.745
1329.05
1404.446
1349.632
1351.412
1380.584
1288.09
1147.957
1286.746
1257.155
1197.737
1585.966
1503.746
1644.554
1398.653
1518.181
1611.998
1435.948
1432.284
1529.928
1588.222
1456.697
1666.213
1275.033
1348.729
1339.032
1302.409
1282.124
1469.543
1470.188
1588.661
1384.007
1121.96
1323.342
1305.603
1132.062
1380.569
1587.445
1550.64
1382.937
1389.882
1211.112
1298.631
1114.371
1372.056
1188.77
1362.675
1632.425
1467.362
1635.821
1447.77
1238.642
1226.657
1112.674
1151.746
1304.375
916.5938
1093.834
1314.91
1239.672
1301.638
1153.249
1146.811
1302.225
1088.676
1145.271
1392.323
895.0313
1267.361
1397.331
1335.245
1685.219
1448.868
1295.141
1280.869
1516.277
1321.625
1504.46
1594.134
1613.004
1360.515
1327.696
1562.552
1272.989
1270.812
1469.409
1659.214
1565.71
1388.253
1652.965
1359.24
1678.404
1831.785
1638.255
1387.243
1668.613
1574.239
1354.454
1223.835
1228.232
1087.84
1152.023
1429.362
1483.242
1430.432
1471.445
1557.315
1358.751
1260.661
1596.475
1388.463
1062.3
1311.715
1346.053
1251.311
1337.029
992.3424
1113.612
1007.403
1387.142
1346.834
1475.756
1135.62
1406.981
1366.196
1187.997
1428.472
1662.517
1498.427
1343.661
1302.445
1109.311
1235.947
1604.892
1594.571
1807.146
1334.024
1607.989
1387.317
1448.164
1272.339
1631.356
1777.028
1359.885
1540.191
1550.19
1618.6
1665.531
1340.72
1380.668
997.1877
1102.119
1306.163
1360.224
1169.453
981.1224
1395.458
1188.725
1286.725
1317.637
1123.572
1090.301
1405.266
1010.007
1125.241
1071.107
1340.154
1502.493
1594.373
1341.772
1127.049
1099.109
1258.737
1366.203
1067.334
1193.003
1324.68
1519.15
1560.349
1688.041
1227.592
1171.347
1282.836
1403.08
1356.209
1292.396
1553.855
1467.374
1291.763
1343.446
1238.054
1278.914
1087.487
1277.448
1124.553
1435.641
1694.179
1638.819
1401.445
1516.181
1355.317
1210.816
979.6279
1112.747
1096.642
1422.428
1347.994
1109.036
997.4663
1291.794
1611.412
1372.5
1265.706
1250.398
1117.113
1175.085
1448.99
1237.932
1315.477
1241.188
1304.782
1093.955
1153.113
1494.098
1122.438
1159.987
1225.718
1341.376
1212.74
1228.669
887.0522
894.7755
939.4163
1005.108
978.566
1178.889
973.4739
928.1796
1190.758
1265.092
1217.805
1065.324
1617.955
1386.057
1376.053
1272.316
1496.591
1275.087
1556.708
1422.434
1250.294
1430.447
1432.929
1745.016
1266.798
1403.875
1306.221
1384.352
1503.954
1353.477
1161.246
1409.721
1442.662
1503.592
1105.715
1230.226
1671.076
1539.466
1408.571
1467.022
1097.961
1206.475
1232.353
1266.15
1244.951
1084.974
1086.554
1339.911
1413.346
1230.294
1362.562
1348.565
1349.305
1415.206
1351.45
1188.832
1159.624
1213.411
1252.011
1367.887
1320.469
1098.366
1377.121
1426.149
1246.633
1038.598
1255.702
1473.038
1421.788
1473.988
1170.382
1331.744
1020.186
1240.401
1262.816
1376.137
1368.224
1152.154
1343.838
1283.427
1055.004
1257.357
1149.524
1244.123
1267.622
1399.091
1261.121
1456.414
1283.571
1220.1
1219.74
1169.622
1256.363
1251.08
1380.082
1221.79
1357.112
1524.351
1167.016
1383.888
1431.269
1199.432
1306.2
1502.078
1367.761
1062.369
1272.742
1087.845
1235.98
1209.855
1454.872
1223.663
1366.483
1276.04
1269.095
974.7755
1112.62
1214.745
1297.466
1205.517
1656.992
1410.363
1329.438
1147.179
1499.497
1439.798
1338.94
1487.149
1572.73
1076.419
1242.582
1407.153
1398.332
1329.609
1230.976
1082.637
1813.848
1350.633
1266.793
1460.078
1446.54
1278.708
1251.07
1052.225
1412.498
1297.59
1185.989
1153
1358.276
1276.818
1029.102
1177.751
1357.05
1322.966
1291.443
1323.339
1589.631
1584.196
1387.53
1348.558
1380.758
1369.697
1504.555
1318.738
1481.133
1361.964
1459.112
1431.113
1454.659
1392.135
1243.18
1358.694
1303.819
1259.43
1160.612
1235.3
1232.261
1356.939
1368.508
1396.51
1427.878
1214.222
1226.487
1196.876
1251.205
1444.591
1553.951
1461.188
1367.108
1355.061
1493.786
1269.039
1236.063
1161.829
1113.25
1170.784
1207.292
1556.353
1354.409
1441.685
1631.817
1503.374
1425.623
1297.214
1030.262
1262.843
1132.907
1195.34
1048.246
1455.114
1328.11
1378.574
1382.829
1474.179
1500.622
1439.898
1174.928
1291.439
1723.297
1306.409
1438.752
1262.579
1164.116
1324.958
1467.904
1429.521
1264.796
1499.934
1456.877
1372.786
1405.108
1038.913
1263.034
1314.066
1242.474
1175.345
1343.938
1493.256
1210.259
1196.913
1241.83
1269.759
1375.097
1398.567
1430.838
1666.395
1478.481
1495.501
1406.994
1448.761
1365.107
1119.113
1338.628
1499.805
1123.126
990.7795
1284.082
1345.111
1570.07
1471.869
1091.325
1000.605
966.2607
1224.022
1485.155
1597.601
1447.493
1413.763
1365.922
1158.661
1438.235
1183.79
1336.955
1230.693
1082.737
1233.878
1445.235
1641.322
1368.696
1278.582
1308.627
1719.823
1413.579
1186.379
1462.131
1503.224
1517.088
1550.042
1327.818
1364.861
1404.368
1728.656
1602.931
1536.352
1502.56
1454.846
1390.71
1669.214
1113.308
1372.1
1247.749
1284.973
1375.187
1304.699
1339.047
1210.213
1313.724
1418.079
1287.733
1404.625
1400.046
1362.031
1377.735
1380.301
1054.342
1330.611
1385.322
1484.012
1390.286
1452.988
1454.073
1241.817
1412.154
1344.984
1420.787
1503.11
1520.908
1547.675
1638.743
1110.259
1172.645
1215.802
1379.605
1320.428
1384.397
1287.295
1504.937
1120.117
1198.696
1370.406
1259.768
1308.654
1464.97
1258.876
1424.13
1327.067
1360.585
1227.321
1157.778
1484.292
1217.187
1428.711
1486.635
1392.694
1482.18
1192.823
1527.522
1471.747
1203.739
1326.408
1702.102
1606.36
1621.002
1509.771
1662.978
1232.033
1301.182
1173.212
1866.42
1596.99
1411.247
1601.203
1477.423
1421.615
1032.72
1389.536
1299.857
1562.447
1616.833
994.0493
1250.997
1202.565
1156.073
1361.671
1352.213
1297.667
1427.792
1586.294
1439.007
1292.314
1482.435
1480.562
1209.379
1298.863
1107.005
1186.202
1245.458
1119.595
1181.333
1357.153
1147.957
1198.414
1394.297
1395.323
1354.462
1216.142
1534.386
1424.06
1466.495
1320.034
993.2566
1079.767
1325.937
1307.641
1177.186
1238.455
1240.431
1397.492
1169.435
1468.932
1591.792
1083.853
1283.805
1143.618
1385.566
1217.733
1382.586
1083.779
1473.978
1433.305
1460.034
1440.154
1686.721
1453.992
1561.708
1599.292
1241.411
1438.158
1218.064
1052.555
1226.161
1280.129
1303.053
1201.212
1321.577
1705.589
1628.989
1449.014
1374.799
1314.783
1276.277
1018.151
1367.815
1131.875
1302.44
1396.438
1294.291
1400.401
1681.018
1416.686
1123.046
1233.324
1152.536
1417.288
1393.776
1333.095
1370.737
1503.523
1326.99
1309.358
1476.342
1442.416
1039.714
1287.648
1198.783
1221.713
1185.048
1468.308
1154.388
1467.796
1517.512
1460.639
1234.927
1271.481
1102.2
1424.692
1389.54
1178.723
1085.626
1097.67
1458.564
1372.878
1319.816
1280.868
1456.574
1332.928
1446.876
967.7239
1273.136
1142.812
1143.158
1337.538
1064.328
1310.488
1369.172
1062.03
1079.22
1027.719
1345.183
1149.978
1448.881
1359.569
1438.81
1057.637
1264.123
1233.482
1365.096
1293.612
1389.038
1491.136
1120.486
1367.904
1170.384
1406.246
1185.41
1212.862
1304.475
1425.916
1570.36
1536.188
1034.251
1309.339
1479.992
1447.114
1472.264
1666.308
1471.303
1374.806
1672.751
1350.422
1564.859
1661.965
1459.447
1608.869
1531.353
1621.216
1311.513
