462.3011
429.6253
487.1771
369.7548
289.7942
226.7721
424.7158
620.859
424.173
478.3917
592.5897
306.5994
537.0251
365.2522
375.5625
306.655
477.5725
492.3789
389.9574
367.7093
606.7867
600.2857
366.4865
404.916
377.0536
377.1995
424.4786
432.96
535.8936
488.7108
530.916
449.1649
875.1489
545.9049
443.7467
521.6731
397.1228
488.4164
470.828
445.0675
481.6634
317.3878
466.7462
412.7832
395.2802
403.906
490.1844
242.8478
303.1565
475.8316
348.9669
377.5409
482.1635
525.1113
359.4688
505.275
557.899
364.2454
290.9229
300.8082
467.916
447.7567
404.9271
395.2494
329.2101
484.9378
421.0683
356.1924
662.4347
512.6506
455.4322
380.0934
447.8512
445.4711
235.4562
293.6905
327.0999
335.2436
606.1786
678.2516
452.379
472.3309
373.4079
381.4949
493.1524
546.4319
489.0872
430.7998
484.2897
750.2291
750.1122
439.9171
422.2834
384.5146
268.2634
342.4116
323.636
447.6276
261.6329
270.0424
362.7247
291.763
272.173
425.7792
300.4004
293.8499
339.7966
333.1289
455.9183
364.3739
461.4927
275.8924
490.3235
543.7286
368.8156
429.035
497.3793
390.0637
551.0613
572.9951
682.5249
553.7693
618.7624
451.9934
499.8035
436.5914
609.1949
667.6651
470.5333
332.9051
443.372
534.1249
461.3687
268.7859
397.3961
350.2202
314.6635
512.4436
519.4227
327.3868
369.0063
312.6245
308.9904
521.6948
503.2055
401.1057
455.1279
461.3536
315.3047
353.7708
639.9792
378.9733
348.3631
461.9628
482.9106
662.3173
531.6321
745.5659
503.1842
685.0538
657.9457
715.6785
547.3992
656.0626
322.0102
356.4568
231.4239
242.7091
343.5253
277.4761
583.6133
431.9365
368.9923
338.4652
379.8019
368.4402
422.6323
404.8086
436.4834
508.8151
383.7247
524.7752
379.2172
425.5621
313.8513
307.1949
612.2558
438.8981
471.8313
348.5733
250.3653
408.5339
480.283
496.2636
233.9232
231.5767
414.5239
537.3282
662.9101
382.3116
368.6068
345.08
319.8924
353.9442
249.2193
282.3877
269.2468
565.4026
497.5183
463.9322
622.0167
462.8201
350.7093
702.9685
430.9624
482.565
507.0369
403.5729
446.1404
676.0581
436.3096
557.022
541.1691
440.4566
358.3615
249.8912
476.6993
464.101
410.0028
481.9011
308.6823
332.9503
546.9116
506.4447
432.6776
458.4225
624.0437
502.5374
662.8537
447.9604
432.6872
472.8503
510.8733
512.6374
614.4273
630.1512
622.4294
404.1321
523.6765
286.7778
384.6301
511.8738
391.7574
459.9151
421.6106
426.7969
325.5964
247.139
286.0484
226.3208
408.1097
680.6666
417.2209
450.2569
362.1342
290.0652
341.3152
240.9239
339.0777
618.7185
429.851
258.545
257.7867
323.2196
420.3577
444.2962
423.3781
342.8551
466.445
501.7445
420.2518
273.6964
446.2566
389.7989
586.4524
543.87
418.4874
216.1153
288.8248
318.957
221.2058
323.7435
432.2825
811.2315
695.2021
288.562
324.722
559.413
536.1718
500.087
572.5322
310.1213
620.6385
382.7405
356.6377
394.6616
416.8912
355.2882
307.5165
366.5382
579.1155
360.1701
467.7585
304.0474
348.9508
469.3829
538.7881
471.2351
280.5118
290.8497
441.1918
496.5585
646.4736
487.8205
543.9329
500.2737
390.3666
490.7267
351.4182
476.1393
572.3006
340.8379
540.4003
450.4584
327.5943
353.5945
429.2228
451.3061
379.4239
525.492
492.9597
456.9878
544.7786
722.0049
558.432
304.2398
538.3664
632.8575
560.1105
365.9482
596.2958
683.6684
715.8607
585.7074
419.9247
424.5998
430.0955
326.7998
349.1079
379.9932
460.3612
442.8361
665.3941
391.2376
481.9473
407.4513
359.5808
299.7437
372.6291
712.7148
488.2452
336.7817
574.6681
342.9865
656.8666
607.05
343.3843
334.1966
273.3704
338.4465
259.0066
490.654
303.3533
313.8838
494.0897
622.5486
360.6614
301.4741
560.7807
480.8861
688.5462
315.5887
330.3252
524.0868
500.9806
672.5256
526.174
519.3763
841.8551
484.6174
474.1912
695.1978
708.8887
570.8712
827.3345
933.6571
819.5669
288.7831
520.1275
494.7139
487.1115
297.1548
237.6753
483.3255
512.0757
503.2418
571.2117
467.6656
610.5183
514.8223
534.9829
544.6231
389.8325
311.095
588.5268
650.3724
386.7542
512.7177
438.5502
391.3821
490.1998
345.1545
312.1393
414.6556
464.2576
539.569
572.8191
427.2847
365.0143
661.3835
504.6883
364.9606
574.7547
681.0612
347.3535
393.9806
431.5471
418.4927
452.7212
413.6106
583.1093
461.9316
370.0856
518.4612
561.7817
352.7513
440.4721
469.1205
306.1993
655.7393
721.5864
512.1241
466.8523
573.4614
379.7813
737.2805
561.3121
661.8371
477.2503
591.6949
577.5505
388.6305
622.4733
518.3568
570.7402
451.539
384.8428
452.6913
353.4299
292.7895
360.4913
368.9974
349.771
620.8283
508.436
504.255
622.2294
706.3905
426.2315
442.0119
513.5847
292.8581
373.1608
382.5447
513.1926
557.072
606.3735
676.3617
743.212
559.5137
292.0909
476.9413
440.9829
409.2529
397.1017
648.0278
406.509
380.8624
487.3268
498.8061
462.4805
544.0277
662.5242
1083.267
472.0408
552.076
308.3969
453.8993
417.0112
603.6045
454.7549
595.4338
567.7948
525.9567
563.3065
505.5251
442.4476
447.2614
456.0758
449.4095
630.7319
650.103
530.0124
354.461
475.3459
681.6219
827.1157
839.8583
722.0786
328.7102
214.9058
379.8684
345.6632
610.8928
486.794
579.5894
413.4669
547.565
406.001
343.2942
418.3314
513.1728
283.3408
316.7031
397.5961
413.182
484.9684
485.2515
544.8768
314.6034
343.7638
515.4765
468.2847
436.6267
229.4964
467.7563
317.5747
397.9821
467.4003
330.0598
291.4474
522.6566
735.7761
545.4699
482.2956
300.7654
313.6435
235.1859
483.2666
570.5793
591.8477
709.9792
487.9079
345.0396
474.4793
333.9382
412.5933
370.9435
584.9689
498.3053
485.7358
316.3598
471.696
418.2945
456.6937
434.2967
269.5434
530.9834
250.6238
290.5564
220.8875
328.115
454.12
488.4907
478.9755
333.0086
305.0983
394.4681
706.0816
209.845
321.6344
338.8028
413.0012
311.2207
334.2278
298.6775
463.7419
446.3256
435.0044
648.017
730.1769
546.9022
664.0736
593.6431
328.1722
506.3976
632.3557
760.1096
595.288
700.2063
516.9645
351.5468
497.4007
342.8631
293.3909
309.7828
395.7145
248.9974
428.215
339.6668
342.4495
395.5119
373.0105
277.6866
369.3787
589.1942
518.9128
342.1827
357.6904
327.6649
364.0265
432.9626
241.1259
474.5195
535.1689
803.7237
360.5439
381.3222
356.632
428.7437
317.6987
452.0348
347.2239
459.3004
665.3958
451.6744
502.4408
375.813
348.3203
491.8599
558.4538
627.3663
756.2725
482.8545
418.8448
335.6185
429.5993
391.0687
348.7125
269.8573
279.6715
370.4372
426.8965
357.5617
308.0632
467.4051
977.0694
502.854
465.8208
456.2143
339.7469
520.678
696.8071
841.2585
807.7813
581.2931
606.5885
497.4948
609.0147
513.5478
432.8323
406.5312
270.2611
409.3544
524.8282
424.9245
510.8063
540.015
310.2043
584.1754
761.6528
562.8189
362.6481
401.9713
575.8255
412.1081
368.42
374.9937
273.4658
474.1647
288.2961
667.8814
551.616
377.2718
379.2735
518.557
404.5612
158.551
365.8916
340.9288
568.4374
535.8767
445.2538
702.3163
704.1961
460.7398
289.7329
433.8288
308.836
539.1892
299.593
355.2405
502.8508
366.3242
571.0189
494.0922
331.353
332.7923
337.654
458.448
274.9169
486.6515
406.4028
294.4961
361.6205
294.2109
383.9732
293.377
283.3578
557.9409
432.7267
636.6695
442.9412
490.9159
533.9084
588.0526
447.1732
603.4464
322.7278
369.1529
459.3265
487.9043
412.7928
239.3675
232.7255
291.2621
340.864
353.1007
391.5487
511.6438
524.311
331.81
633.1916
494.3776
367.4933
617.3706
433.2639
328.2657
579.1263
484.2246
753.9243
464.4141
514.0581
280.5581
377.665
388.3653
401.2601
298.1282
540.1468
221.5891
372.9954
483.1999
372.5899
616.83
563.4905
364.5322
523.6557
489.3399
654.2105
378.1325
474.0568
257.8362
368.373
277.4887
321.7663
344.1059
585.8567
548.8398
474.6058
489.6914
458.4918
560.9225
286.0682
711.9147
825.9545
651.683
378.7001
501.8893
557.4069
292.3053
450.7747
387.4297
291.3912
391.4082
597.6845
490.0211
325.5335
499.1448
450.8838
599.1627
576.126
421.2063
309.5943
352.1989
283.8943
316.046
500.5724
449.3939
408.7287
565.7454
489.2815
533.7102
461.7085
443.495
378.941
439.3616
417.8996
350.4689
361.1673
500.8758
493.6645
604.4781
381.9263
430.2372
755.591
648.8458
547.4621
493.3096
583.4767
660.9434
785.3063
629.8324
780.5172
457.7767
522.6201
517.3891
309.1154
583.6233
588.2391
604.8365
371.0313
318.1498
344.5313
667.3104
327.1816
429.2687
411.1059
720.1796
348.6712
325.2744
466.4807
330.3245
412.5555
744.4711
523.9376
500.406
656.6905
405.2419
282.4276
507.01
503.8677
468.9913
452.0657
409.9855
298.4124
412.5403
304.8483
426.4769
215.1019
313.9417
377.5012
658.4138
338.3367
521.7525
533.7881
440.497
358.5703
697.913
878.0066
694.5598
373.7632
340.156
285.9916
238.242
359.0045
519.5247
317.4229
312.1533
297.135
397.3427
572.451
721.5522
352.7973
481.2284
689.0195
670.7555
724.0933
494.2803
645.1661
450.1845
497.0814
303.1256
430.0296
405.2122
544.4412
387.5126
365.2384
348.7723
512.1423
388.8299
287.5518
357.6487
356.4936
794.3541
472.0842
504.8527
697.5045
548.9975
323.9218
470.3433
391.8669
367.0288
593.7309
372.2733
260.2268
519.8671
515.0586
459.086
463.529
494.1901
412.7523
532.2161
643.9387
425.6736
258.7128
345.5573
473.9674
574.0319
440.4716
510.759
491.9788
314.899
481.3652
360.7453
446.824
448.415
574.7122
398.2059
570.5412
478.8031
663.0544
496.7521
467.6734
715.7989
710.597
543.0978
563.255
276.211
377.9019
349.0003
