Env_Chitala Env_Chitedze Env_Nakabango Env_Serere
179.448 -33.48361 -111.3394 -55.92113
166.0292 -43.38653 -116.2918 -63.06037
161.796 -44.32736 -122.1785 -62.05217
154.6365 -60.63126 -130.8068 -73.40211
161.2242 -60.32339 -132.8397 -78.42778
158.404 -56.92178 -122.5982 -75.508
163.3452 -53.79339 -130.4032 -75.00359
163.6557 -55.72439 -127.8571 -76.37045
158.2617 -56.21937 -132.2261 -76.27528
162.4046 -54.09979 -119.5369 -65.14477
166.5308 -53.31162 -119.3058 -67.81091
170.0395 -45.81956 -117.9691 -64.97336
177.0305 -37.51286 -107.6348 -53.86563
188.9601 -23.69888 -99.00524 -44.0868
202.2203 -19.34813 -91.58069 -36.65691
207.2309 -11.69556 -82.27521 -31.72591
218.7834 6.332661 -65.01936 -10.85153
221.67 5.988287 -65.16671 -20.27627
216.3848 2.504929 -68.97634 -13.02538
212.0464 -2.970114 -78.27275 -18.86973
214.8369 -8.408246 -79.00905 -18.60528
205.3426 -14.44838 -76.90467 -22.33186
197.3076 -7.994223 -86.70969 -27.07198
204.1976 -7.690658 -80.19497 -27.16055
187.0553 -17.69675 -88.24433 -38.99681
199.001 -15.23638 -91.92583 -38.83764
186.4938 -25.65418 -105.5012 -45.68882
182.8562 -29.27264 -103.8826 -43.21635
173.6022 -36.63793 -105.7035 -59.1942
176.0166 -39.98931 -110.4611 -58.82031
173.6533 -34.25192 -108.5912 -50.79789
170.9827 -45.09511 -117.1975 -65.27654
185.0748 -27.75277 -107.735 -50.80347
194.5734 -22.7773 -90.05683 -29.42477
195.0447 -24.01833 -94.27599 -40.61181
185.9261 -24.14747 -97.6196 -42.20365
182.0271 -32.22423 -96.78102 -51.9676
174.7484 -36.61772 -112.2584 -56.41098
185.9583 -29.7135 -98.84644 -50.47107
176.0613 -36.01366 -99.9588 -50.65544
173.4782 -37.48816 -106.4209 -59.20622
180.2737 -34.35629 -103.3722 -49.3456
180.0112 -34.72056 -109.9113 -59.61499
184.7271 -33.46476 -103.7467 -54.71919
170.8123 -44.18063 -114.9354 -63.50345
184.4353 -27.34575 -93.99866 -50.20597
193.5768 -17.95073 -82.36354 -31.48317
200.3134 -25.48375 -91.99137 -37.21047
217.8564 -2.438933 -74.49066 -15.37633
217.0143 12.17703 -61.70267 -7.405131
225.0559 12.20002 -61.12685 -6.787247
231.3019 7.453846 -55.52947 -16.80803
223.4358 16.54737 -65.82191 -1.831966
224.9802 8.00606 -65.69055 -3.278751
223.3227 10.78888 -62.6696 -8.915447
219.7289 9.330176 -67.51979 -8.76362
233.7784 25.68889 -60.13549 5.091251
240.6256 28.01313 -45.16941 2.088191
222.1241 11.69285 -66.0177 -4.517925
227.3948 11.19728 -63.76494 -1.731807
202.1459 -11.14429 -78.02457 -28.91183
210.0105 -4.281212 -81.32021 -16.91434
200.1082 -6.716104 -88.25117 -37.37773
215.1879 10.21744 -73.9297 -14.47601
217.1775 6.973973 -74.2059 -13.2018
224.3006 2.066447 -64.44871 -11.02519
221.4862 2.024131 -78.96339 -8.062781
218.1434 2.666359 -68.6038 -12.36107
219.1149 2.322053 -63.97371 -12.66888
210.5637 0.02252154 -66.28167 -11.71751
209.4466 -9.378893 -86.42888 -32.47566
191.6078 -17.50566 -94.69859 -37.48315
195.8495 -9.264164 -77.88935 -30.38693
191.9288 -12.14089 -90.82751 -33.09423
193.0533 -13.50425 -81.5867 -32.64067
199.1548 -18.73686 -92.76953 -33.55474
211.714 -9.519291 -72.488 -26.46089
211.0589 -8.829221 -77.43228 -26.89394
209.3474 -13.72763 -82.14385 -27.34171
204.6332 -17.05155 -88.65999 -34.76644
201.0793 -12.23855 -85.27015 -26.78954
199.7764 -18.02899 -86.64079 -32.68933
198.4169 -20.50536 -82.04594 -33.96765
196.7424 -17.34375 -89.55238 -36.90788
192.0571 -28.66746 -97.9372 -38.3183
198.6312 -25.17754 -89.35822 -38.42786
182.2164 -31.09624 -106.9319 -48.68507
178.6955 -33.59131 -104.8739 -43.15133
198.4129 -18.42728 -93.96132 -36.88745
208.6122 0.7418632 -78.83274 -30.77884
208.9992 0.3416727 -77.93938 -23.87558
202.0495 -9.821782 -83.06061 -23.84401
213.6338 -1.428895 -68.91044 -22.84534
221.0686 4.416445 -63.21974 -14.43859
216.6699 8.554693 -66.40019 -10.10274
222.865 2.657358 -66.66446 -15.38621
212.9496 2.507337 -77.67058 -10.37391
210.8431 -1.918808 -77.34737 -16.64218
206.3629 -4.051777 -78.08911 -23.67579
206.3819 -4.672446 -79.36235 -33.8816
212.6139 -3.91411 -75.03969 -22.60153
208.1738 -0.9210654 -77.97644 -21.95217
203.9177 -3.081378 -79.29007 -29.33195
202.1639 -15.96145 -96.94236 -37.55267
196.9392 -19.50098 -94.18823 -34.59947
194.8743 -15.8289 -99.88369 -39.63183
182.426 -27.55025 -99.39528 -41.32366
182.4583 -34.21296 -114.0888 -50.32605
189.0213 -30.04041 -103.3788 -42.1211
185.7921 -21.63868 -96.66716 -43.29024
181.5821 -30.79303 -101.3119 -45.62658
180.9523 -31.37271 -97.46041 -47.67331
192.513 -18.56942 -94.3339 -39.37524
207.1807 -9.811295 -87.54478 -26.6468
194.8489 -13.74228 -92.82634 -29.53093
195.6085 -15.87885 -89.01441 -32.46904
188.9632 -16.89194 -99.75739 -44.90073
186.4333 -29.48383 -103.0849 -50.83088
183.4956 -31.62529 -104.9474 -52.36823
183.3003 -34.89433 -101.5187 -55.1775
170.1928 -38.94274 -106.7854 -53.73435
179.1806 -39.5396 -111.5049 -57.13292
170.1478 -47.29094 -120.286 -70.32366
176.109 -43.22831 -107.9174 -60.90507
184.8657 -31.33926 -108.5099 -49.25402
188.9819 -28.42621 -104.2949 -43.00363
185.5858 -21.04689 -100.5011 -45.24261
187.1293 -21.10096 -91.66094 -42.63816
181.4278 -32.07751 -109.7991 -49.81272
174.445 -36.08042 -103.1859 -56.1594
176.532 -24.36931 -106.1701 -52.92629
177.6878 -31.61716 -104.7751 -50.53963
175.0041 -35.90595 -102.4372 -53.24851
184.0956 -32.47792 -106.8042 -49.81965
182.4436 -36.66057 -102.2188 -43.5452
192.7908 -24.56083 -97.20268 -43.31362
188.5189 -27.946 -107.9009 -47.51129
187.9223 -24.59475 -98.89738 -49.9017
187.2206 -25.46303 -98.16188 -49.86094
184.0681 -27.24921 -102.0293 -48.7248
180.7169 -27.16027 -111.7771 -47.09412
181.3588 -31.9615 -108.768 -53.05522
180.4464 -31.06094 -99.96384 -45.84849
179.4788 -27.27185 -108.0013 -48.06488
174.8911 -36.51925 -107.2267 -56.4355
179.6305 -35.95263 -107.157 -49.39334
179.2834 -33.60077 -102.7335 -49.06675
177.2094 -41.45239 -101.711 -51.73511
175.4144 -40.64294 -119.5859 -56.86757
160.1582 -53.55838 -122.9805 -62.59506
150.5959 -57.75486 -126.4045 -70.57512
166.7465 -51.25436 -110.591 -63.86832
158.0144 -52.72114 -119.6654 -62.66808
156.4983 -48.81238 -122.2982 -67.69843
169.8783 -47.07086 -107.595 -59.35094
178.1449 -34.18046 -113.6906 -53.67008
179.1805 -28.14603 -105.628 -48.59084
185.9607 -34.46506 -95.77654 -44.66578
186.0425 -30.54112 -100.9884 -45.71823
186.0782 -23.69804 -90.30531 -42.31076
198.0195 -21.66693 -96.70694 -40.07427
184.3647 -21.96437 -95.52599 -41.52316
199.5194 -19.4147 -89.06759 -41.85574
195.5234 -15.09419 -88.66789 -40.13109
185.1418 -19.40278 -92.58535 -47.72998
188.392 -26.985 -94.26347 -43.51938
192.1521 -25.58219 -97.76732 -47.21891
201.392 -7.802405 -87.00282 -27.17988
210.1633 -3.984512 -83.18638 -31.94682
197.024 -21.12585 -84.90677 -30.26994
196.7706 -16.14896 -85.5782 -33.97162
194.8703 -17.47122 -98.62576 -31.46807
191.0587 -23.28431 -99.18178 -39.37997
203.1251 -10.3191 -79.2979 -35.55573
191.2844 -17.00837 -96.77565 -39.99678
189.2718 -29.50042 -97.14729 -46.78527
199.3875 -11.97126 -83.63792 -27.14609
203.2244 -9.041725 -85.72719 -35.10741
206.2852 -2.064655 -85.65633 -14.951
217.3982 7.671377 -65.46028 -8.753962
225.6175 13.67509 -53.97295 -7.239555
241.2247 34.77843 -39.21663 12.41679
257.5574 47.89468 -30.8299 21.19543
262.9831 52.63186 -22.55459 28.30537
268.7498 50.66775 -21.53345 32.25551
269.2442 54.40338 -14.51888 44.45114
270.1299 56.7195 -20.28985 31.70309
278.8518 69.13036 -9.763014 36.12419
273.0516 58.4258 -19.54961 38.19494
266.8688 57.72994 -19.3022 42.29314
263.5181 41.4935 -21.64127 26.82613
269.9242 54.4165 -15.95806 34.1366
281.3016 62.54638 0.8036649 51.31351
284.5806 73.12355 -8.546907 51.46377
271.3479 69.58469 -19.08834 44.06916
265.223 56.86521 -21.31623 37.00308
266.3484 47.91626 -27.23856 28.99096
256.3362 39.31004 -30.39725 23.84193
250.6688 47.24846 -31.06817 26.52497
256.4414 41.81011 -29.23881 21.91678
250.7956 37.36786 -25.39115 16.8174
254.2243 38.41558 -35.39909 26.60041
248.8352 36.00933 -34.21523 16.49824
268.1519 57.44311 -22.55414 26.00338
253.0378 37.72547 -35.36768 27.45686
262.7033 50.2783 -27.90241 34.23379
254.1219 33.01413 -32.95126 15.9823
249.0785 34.84086 -39.76487 20.56934
244.1577 25.24451 -46.90439 6.110141
249.2009 34.98237 -33.73067 12.04983
244.4924 24.12334 -51.06179 15.81872
235.0453 19.98501 -54.68868 4.232361
238.648 31.95011 -44.84445 11.24144
254.031 37.74806 -36.21261 21.13862
252.2844 36.81816 -38.78456 20.72061
254.1033 40.64319 -24.47583 25.23356
256.3889 38.69202 -33.62564 20.46381
261.2291 46.04381 -25.14725 27.87938
265.9383 46.07119 -30.17812 29.46983
252.5339 43.26135 -29.85472 20.3593
250.5877 41.27776 -38.37026 22.8794
253.3561 40.15746 -28.96416 22.52193
256.9873 41.63656 -36.03238 18.58508
256.0961 41.50458 -35.9237 21.53651
259.8667 46.98772 -25.69592 32.06845
261.0615 43.67613 -25.02422 20.97242
250.1851 30.31407 -39.38884 22.92692
244.2822 42.43905 -37.08876 11.73644
258.5706 52.07161 -20.2248 27.74925
263.4096 55.43798 -18.18161 41.47505
281.6551 62.62048 -7.493823 37.15389
290.2282 76.68615 7.653983 65.26846
294.0907 79.87886 4.846603 53.3682
286.1859 69.53577 2.177183 60.8186
274.0305 68.13261 -10.63411 38.49828
272.269 60.87516 -11.71071 39.14525
286.1268 73.62605 -5.214292 52.41404
288.4125 82.07042 6.406078 67.24366
315.9825 98.85674 20.9844 77.15588
311.7431 98.25841 22.26058 74.43723
315.7233 96.0183 31.83548 83.08359
319.754 106.5346 32.72966 84.18968
314.8446 106.7307 34.42407 91.18815
306.299 93.38958 20.01156 82.44402
308.5776 95.48915 19.22724 71.91461
298.9047 88.83607 7.722323 67.51509
299.0675 79.1903 16.44056 73.67568
307.1733 89.81157 15.70468 76.55717
314.7732 99.51026 25.44814 77.14408
320.0131 99.98981 32.46566 88.76875
328.0802 113.5826 37.13058 89.36123
306.8445 97.433 27.5699 79.12834
323.5069 105.973 36.84398 88.14463
311.5954 96.42827 28.4009 86.86336
308.2119 95.64233 20.57431 77.2231
329.0676 111.1114 41.66012 97.35314
312.6918 99.22944 27.19531 88.56714
320.6436 104.0746 28.05632 87.28679
316.0846 92.2171 26.81179 75.85137
303.7294 88.13599 15.77978 79.66874
314.3465 101.5331 28.09567 77.26553
318.3962 102.6427 34.77183 78.42535
302.2299 89.96728 24.63732 72.9459
313.2651 94.90872 28.9433 76.80832
305.7066 91.20001 18.86033 71.91873
303.874 92.03995 19.24269 81.20675
310.8785 99.05775 20.13652 78.07264
293.6461 79.6938 11.37081 65.19026
309.1516 96.75038 24.15934 76.52846
306.8812 95.82359 27.16436 79.96594
302.8336 99.31674 20.31088 69.03422
308.8694 97.92791 23.87968 74.0676
303.608 91.81557 19.02988 65.83339
306.9491 92.88083 24.06232 76.14252
306.5988 100.3378 20.55865 83.83627
305.0162 90.36276 18.08219 69.46742
314.4938 93.6654 28.39739 84.31221
312.8331 94.90219 22.76977 77.35041
312.4542 104.1337 23.28271 83.45646
311.2186 94.88646 21.28039 78.83568
309.9806 98.76844 26.76359 79.44471
311.522 102.5512 32.50267 83.4542
316.7734 96.45067 21.25039 81.23057
298.8402 97.27812 25.34284 76.73444
291.4672 79.16433 10.44831 66.58841
303.0195 92.81913 21.12582 74.93946
311.2074 99.51819 25.85541 85.10912
321.4548 111.287 27.36273 81.18435
312.1791 103.0446 25.44782 80.70047
310.4117 95.89144 22.89536 73.74681
320.5957 103.0978 29.66158 88.94368
317.9914 111.9377 33.28037 96.28488
327.722 120.5209 46.53634 96.41821
332.7352 118.6671 44.74983 97.688
322.9671 109.3454 35.85514 96.78906
328.5513 103.3324 40.50019 92.92028
323.0523 107.8462 33.50607 91.15708
328.7558 112.6182 41.78819 99.63088
320.4802 114.1953 40.59321 100.7134
322.2191 108.2031 36.76527 97.74036
339.2083 122.7937 55.76297 102.4812
344.2378 125.1644 56.23322 119.7664
344.9738 128.9313 57.75793 118.0312
359.1051 139.2627 70.10406 126.572
350.199 133.7356 62.93298 120.9303
351.9882 142.4241 67.12983 118.4211
352.2483 137.0488 68.57185 118.8778
355.7351 139.302 71.76674 123.1548
368.2576 157.8281 79.31808 132.5797
370.8129 154.9163 87.62856 140.4477
372.7259 154.3328 87.68486 146.7407
381.1631 169.1819 96.05278 141.4732
373.0588 156.4462 88.09403 143.939
368.8179 161.6073 84.98256 140.9805
368.6094 147.2838 72.01996 130.9446
363.7052 144.4103 78.60642 130.1806
385.3137 169.301 90.74414 153.6314
392.9045 173.1874 98.91542 157.7117
383.8763 166.9379 93.09609 148.182
378.3829 165.7914 85.46778 146.7783
383.2871 161.782 84.64747 148.9002
371.9538 161.8554 90.81519 147.0412
377.638 163.4306 92.83095 151.0045
383.9683 168.2777 88.4688 149.9846
383.7427 178.9574 98.82412 157.6636
387.0469 172.3783 100.6107 160.7132
404.2935 186.3118 112.8491 172.2754
403.5413 198.7771 115.452 175.0606
406.8 184.343 128.9489 169.907
390.1065 177.5987 101.3478 157.4639
394.5143 178.2434 108.8099 157.5862
410.7486 200.3499 126.1777 178.4027
396.2459 187.6248 117.7328 171.44
399.1688 194.7574 111.6737 163.6168
392.7996 174.4764 106.6931 163.8815
408.134 184.9126 114.4428 167.242
404.5676 192.1083 118.0578 179.9136
427.9049 205.3138 134.1678 191.2287
415.076 201.9138 128.7864 184.4419
425.9957 217.6822 137.4015 202.1434
428.0565 215.0973 141.4418 203.151
428.0321 218.2566 143.4303 199.417
424.226 217.4055 141.1737 196.4163
418.6902 209.8552 131.0452 192.621
425.8587 207.3224 136.1032 185.2936
442.2925 226.8575 160.0846 207.577
448.1538 233.4639 167.3201 221.0256
452.6171 235.2127 158.6816 218.3949
446.0954 242.0498 168.1126 221.9168
458.5108 237.9177 172.1733 227.9268
460.2589 246.4813 172.5596 227.8025
469.4375 253.8518 184.499 234.2573
474.5067 256.8851 185.8781 241.9332
458.97 254.6134 175.2801 231.2531
474.0227 253.5338 190.7282 237.2491
474.0113 261.644 190.1873 245.0958
472.329 253.1062 177.8427 241.8607
462.7727 246.8037 172.9858 227.6936
455.1288 248.0108 168.6414 226.5275
435.0415 226.9471 151.4384 204.4457
434.1948 221.4528 151.3931 200.5206
436.9746 215.0568 147.1829 201.6488
432.3403 215.6217 144.2501 196.0023
418.9442 205.7421 138.3901 185.1611
409.343 193.1028 115.8715 175.4696
404.2526 192.4306 112.2503 177.1219
408.0729 198.5656 123.6376 172.1971
411.7827 202.8476 129.9859 187.9805
421.4268 196.0327 128.4566 185.6578
422.2884 216.1984 140.8522 194.3612
437.6453 220.0702 143.9814 192.9839
433.3683 209.9492 146.2528 200.5025
435.1304 223.432 151.944 206.3575
428.1667 213.8229 144.6619 193.7976
433.094 205.5057 137.0075 194.4928
429.3297 209.8254 141.2984 194.5958
435.0849 220.44 143.0487 199.8409
432.7041 224.4692 150.655 199.3224
425.4923 212.2069 141.8489 194.0827
422.4773 217.9265 142.423 194.2443
413.628 198.6285 118.9224 175.856
400.8273 190.0311 117.8116 176.167
410.8313 204.6485 124.1514 181.7579
418.5632 196.0949 128.6176 190.8387
412.4593 199.2953 128.6194 182.5649
417.3332 202.492 136.4109 188.1425
405.0074 197.9467 122.2349 180.494
411.4903 190.2685 124.4026 177.8658
415.02 203.7936 128.0942 183.9492
409.3144 199.0906 118.3552 182.5176
409.918 195.7068 116.6062 178.8842
403.7321 184.5532 108.282 164.8581
404.2772 173.4871 103.0768 167.2948
393.2971 181.5971 107.4919 162.8945
409.5508 198.2851 121.4592 175.675
416.88 202.2052 126.9463 183.9787
415.2049 203.9886 133.092 187.4726
407.8248 192.9444 121.7422 177.532
419.7701 205.4009 135.431 189.9627
429.2347 220.3446 140.8237 206.791
429.0853 215.671 134.8861 191.1728
428.4536 213.8795 149.5247 193.9886
415.7507 205.802 137.5826 190.5927
420.1286 201.5244 133.8384 181.6027
428.6995 215.1287 139.5923 185.8425
429.8243 211.9384 145.634 195.7815
435.7065 221.6657 147.2453 201.6707
428.2641 206.8386 132.9032 194.2717
411.2266 194.2509 123.0119 179.7753
405.4544 191.0777 118.019 174.3371
406.4202 195.1213 118.4378 177.7207
416.2598 203.1512 124.7563 172.9768
414.1212 199.5827 127.1692 178.6239
418.4144 204.4271 130.0896 179.5136
401.8933 193.4063 111.6829 173.0993
418.0193 196.955 126.4635 185.2698
426.3345 209.6416 131.1978 182.9593
423.3781 207.8367 131.7545 195.0393
430.1642 217.5756 146.0616 199.1464
426.3808 210.5089 132.3214 188.9534
418.4053 209.0624 137.2664 187.4914
426.0438 206.4104 138.6319 189.3539
420.9628 212.0066 137.1579 194.0411
427.4779 215.4614 134.44 191.2809
433.886 215.5937 152.2689 196.151
442.208 227.6794 161.7517 216.1726
437.7423 220.6694 149.7964 202.3496
438.9296 224.6851 149.7866 198.7255
442.53 222.7972 147.9848 213.827
438.5064 225.6878 151.8735 205.1744
436.1497 226.154 152.4995 203.6014
434.354 215.9592 144.9628 194.7451
434.3945 216.5578 135.6101 199.79
420.9391 209.9667 137.3481 196.8904
434.677 225.3506 148.3527 201.111
422.813 217.4072 142.0521 204.0324
425.4259 217.4135 141.7248 201.5323
424.089 226.2604 156.4678 205.5317
429.9935 219.345 137.0377 190.9898
432.1111 216.246 138.85 203.2035
432.1448 215.5401 146.124 203.9516
435.0961 222.7518 148.9817 203.8224
441.3501 223.3275 147.8209 200.55
448.9941 232.8298 157.9803 214.3031
445.4532 227.4842 153.5575 214.1443
442.7961 231.3446 156.9101 207.7668
437.1235 225.6761 157.6691 209.6901
433.9399 225.094 155.1209 200.7686
449.7556 233.2041 156.1654 214.6064
455.2608 242.395 164.9429 222.6568
445.2986 228.1938 154.8768 212.1657
430.6045 218.5863 142.67 199.4159
432.3068 221.1997 144.4276 209.0488
445.684 228.0828 153.6995 205.6744
443.4035 229.691 155.5657 211.624
447.9063 244.2592 166.0184 219.1197
458.9578 244.8714 164.9967 223.8841
466.7288 242.4602 164.8847 228.9347
463.6855 245.0741 168.6357 224.5727
467.0604 255.7651 180.8131 234.572
474.5998 260.364 196.0181 246.5708
471.9062 250.2839 191.4258 238.7607
473.5217 266.4898 189.5986 241.1546
476.9307 263.1372 197.4063 248.3774
481.1216 264.6889 187.0048 247.0616
470.0334 245.9418 185.3313 233.0151
468.9981 257.917 184.9481 237.2197
472.868 256.1954 188.4798 242.5316
478.3785 271.2568 198.3562 249.4484
481.1468 264.8515 192.1138 248.605
486.6041 279.9777 200.0206 259.2737
490.0915 280.7142 204.7027 257.067
483.6153 270.9489 193.3351 249.9701
475.5761 271.2862 193.4861 251.2612
482.929 266.9556 199.2492 249.4127
477.7326 279.9362 197.3499 255.4956
484.5392 279.2285 200.0633 252.8119
490.622 278.7503 202.7067 260.3591
491.0894 275.0371 205.4108 261.8139
500.6484 288.0139 214.8221 271.6474
497.0434 292.4737 212.9242 263.2027
491.8654 279.2554 205.2836 260.2082
492.3833 276.6483 206.3157 263.4837
490.1333 271.6605 206.6805 251.5129
494.8659 271.8022 210.7778 259.3902
491.4419 271.386 205.5155 259.4763
495.2654 274.8221 216.7967 262.3325
495.656 283.5425 215.6947 264.8579
505.0237 286.0042 216.4137 268.179
504.7532 293.6733 218.0674 271.0982
505.7317 293.5383 217.0298 281.5172
512.6082 295.586 218.2373 279.5171
513.222 295.81 230.1392 275.1004
527.8686 308.6123 240.401 293.8251
505.5764 305.381 222.6045 285.6585
497.5301 280.7328 210.8164 267.1887
493.6139 272.8581 208.1485 257.567
498.8151 289.7929 215.4491 266.9668
503.9189 289.3075 212.6864 271.7069
509.0131 296.8844 219.7804 275.2162
506.7406 287.8219 218.1715 271.7664
504.2069 295.1201 212.8995 275.6461
511.9053 292.9704 220.0439 276.0692
513.369 302.5097 220.9746 279.7752
523.1584 313.2236 241.793 294.4306
519.721 313.0494 236.7352 287.8565
504.2155 294.5959 221.9943 266.4777
499.1026 289.7869 218.7291 270.2684
510.0012 291.177 216.6813 264.5664
501.6894 288.873 212.9927 269.7834
498.3484 289.0155 220.8245 272.9572
506.5101 296.3127 219.7114 276.9747
511.7443 299.0416 225.2767 276.3794
500.6915 285.0603 212.9791 273.2431
493.3204 283.1392 212.6414 269.1125
510.3239 293.5016 217.964 272.4206
502.4293 290.8172 220.9792 271.2654
500.2913 293.8776 216.6423 270.8647
515.0829 301.3309 229.9056 278.1353
520.7364 303.1517 233.7305 290.6632
518.703 307.2088 234.7245 282.9695
518.7513 306.9143 227.2284 288.1863
511.1696 303.3526 225.8099 285.8132
519.0562 303.3938 231.5462 289.3234
525.7361 314.0203 242.3499 290.9277
536.1556 319.3749 243.2937 299.1119
524.1914 317.0588 242.5576 297.2379
536.4483 322.8789 251.3535 305.4254
531.684 320.3648 243.2128 307.3817
535.6418 320.4261 244.6008 299.6293
532.0621 315.8051 239.6859 293.2196
528.2432 321.1741 240.805 298.1525
531.3579 324.1929 246.7118 303.9513
532.0272 316.5711 243.2457 301.5847
526.3315 315.0738 246.5286 305.7892
531.8543 315.7543 246.5597 295.4638
531.2958 310.7597 242.8658 296.9399
521.8569 315.9953 241.0026 295.4965
526.8675 316.0698 239.0625 291.9036
518.4166 310.5431 235.8252 291.5682
523.9967 309.3694 234.1541 292.4285
511.2176 299.4203 223.6984 278.6194
524.0852 307.121 235.2727 277.5194
524.9548 305.2795 242.3037 295.9535
530.642 320.711 238.9988 297.9196
535.3585 316.5106 248.1148 298.2382
543.319 320.6212 245.4756 302.5084
544.2831 325.6919 260.5666 310.9879
540.5077 324.6541 254.9521 316.1976
539.2977 331.0159 255.1689 311.3831
553.8739 331.8062 261.8039 313.289
545.4068 333.5917 261.7042 312.4831
537.695 326.4229 252.7779 307.6281
552.858 335.3322 262.4189 315.7362
550.5517 336.9997 270.0901 320.3466
539.7081 317.53 253.8511 298.6648
532.7658 307.4781 241.8696 288.9832
533.2796 317.9736 244.8831 307.0681
542.4509 327.3588 254.487 307.4451
545.0168 331.1253 258.7432 309.0757
551.3584 327.9959 262.0493 316.7124
552.8033 333.5388 265.4014 322.3549
553.8442 346.9667 276.4187 331.1207
549.6043 344.0334 270.7431 325.4199
552.3272 346.0189 275.0589 326.483
573.7652 371.5842 286.6491 339.1447
580.5896 373.7441 290.0308 344.6486
579.3573 367.3396 295.7252 347.3662
587.5274 377.0666 299.9314 361.153
578.1086 357.576 288.9248 345.3805
566.2802 348.9147 281.768 334.4504
567.6693 353.8528 280.6615 331.1086
559.3485 342.9978 273.756 327.9421
564.2095 352.9116 278.3879 328.0243
569.157 354.6082 288.2412 333.2933
578.2074 367.7497 282.4607 344.9936
574.8935 358.5341 286.3548 342.9571
565.2893 359.9372 291.9063 344.1157
569.228 361.1801 290.137 345.9734
570.8865 358.7232 292.1732 347.2399
580.877 366.2092 299.7735 342.0316
590.73 381.7514 303.9438 354.8624
596.9699 381.3741 305.7474 365.1779
585.4506 369.4763 293.4279 346.2294
578.6038 366.6682 287.2312 352.9321
599.776 387.1935 308.5939 371.6527
607.8834 397.7412 322.9169 370.2304
599.1105 389.1852 315.4129 369.5658
591.9643 377.0722 308.6774 363.2815
594.3156 378.0274 303.0161 361.8491
589.0718 372.0953 300.3783 353.4963
596.3337 382.4562 305.7652 365.3832
594.6415 375.135 302.9555 365.4285
582.8642 377.7516 306.4367 359.814
590.7126 381.1022 300.7459 360.1782
589.7045 372.6655 303.826 359.249
589.9168 375.4581 298.7933 367.0601
575.5866 358.5691 291.9913 342.4891
585.1086 363.3015 289.0472 346.4998
561.5771 352.5235 281.8935 334.9854
571.9927 362.7972 286.3888 337.7129
577.5251 358.4011 294.1622 343.6295
581.1613 371.7059 295.3926 346.1233
566.0084 354.212 279.1033 329.6931
570.0674 354.9829 284.2276 344.5895
574.8703 354.7052 292.9416 350.5521
576.2658 363.4158 287.0659 345.0216
591.6197 377.0918 299.6122 356.9916
591.2283 374.7689 298.3349 359.0254
598.7615 381.2326 309.1164 364.7682
595.4879 378.0717 303.3235 357.9305
576.9905 361.3998 284.4901 344.4586
568.7016 359.2278 280.3826 335.9237
563.1868 344.2437 274.8538 328.6634
562.2924 341.6276 271.4082 329.05
554.6732 343.0939 273.2029 322.6362
538.948 331.4958 259.2516 317.2644
544.4433 332.2892 248.893 308.3786
538.782 324.3424 250.5455 310.2378
540.7749 337.7552 263.616 313.0965
542.639 323.4923 259.6001 305.9337
531.8959 313.2931 240.6473 293.549
527.4406 310.4635 244.3844 289.8202
520.3431 313.8984 239.8291 293.8546
521.1468 305.7677 227.6965 287.2872
525.2637 310.6964 238.5748 293.6369
526.9755 314.1595 233.2007 297.0968
533.3051 315.3774 245.6643 295.878
540.4742 334.4148 257.2316 313.314
548.6518 332.1186 257.8009 305.8899
557.4308 335.6539 267.1586 322.3565
542.5171 333.3777 253.2475 312.4936
546.1417 332.839 255.2687 320.6178
534.0244 323.9446 255.093 306.5738
533.735 320.607 250.9719 298.5132
522.6052 304.3044 231.1545 290.0507
517.9448 307.6397 232.7405 286.9608
525.7777 299.8413 233.2277 286.2248
527.4591 310.9546 233.3641 296.1797
522.4066 317.9071 237.8668 294.0832
513.495 305.7767 232.7878 291.2641
506.112 299.5997 227.2619 283.2192
518.6329 313.6772 238.0366 288.133
517.2952 299.4601 232.7447 283.2045
500.1008 295.628 216.0661 264.9217
510.2415 295.1142 218.5262 277.7241
506.3234 298.9575 222.1244 280.2946
509.6094 301.1239 225.2088 282.5639
513.6325 300.7586 223.7553 286.6698
512.4838 307.8343 223.7948 288.9962
509.8078 292.9246 222.6565 280.8402
516.8666 299.8848 231.3116 287.9726
522.8991 298.7191 232.6379 291.0735
507.5017 299.1784 220.9826 277.4121
495.9452 286.0937 218.2055 267.1514
508.1257 287.8302 217.9781 271.7284
518.691 298.6695 225.1308 279.4451
510.0125 296.5506 227.8238 280.836
508.0644 298.9897 221.3607 281.5931
517.735 300.2215 236.6998 283.0877
517.5085 299.0772 229.3464 282.8536
518.0159 304.8037 230.6446 290.1597
527.1514 316.4549 237.6986 301.0267
534.8107 323.1636 247.5724 300.5721
529.3075 317.2923 242.7825 293.2053
532.6211 325.7078 247.4949 302.7866
543.0128 324.197 257.3956 316.3357
548.5043 329.5162 253.0522 312.9156
542.4639 320.765 254.9022 302.5229
534.3586 319.0218 246.8761 301.2163
531.9843 322.2057 244.558 299.0772
539.8238 319.9681 248.6744 301.1967
536.8945 324.3641 244.837 303.9656
521.9446 312.6426 236.0314 296.4872
521.016 308.7126 232.3947 291.0968
523.961 308.7895 233.7849 288.9411
524.118 302.6345 229.5425 272.5936
520.458 301.0106 230.6296 284.1783
511.0427 294.1876 223.5529 283.5191
510.1645 296.1262 222.465 288.2839
516.1918 306.6997 234.8022 286.6552
511.6203 303.3013 228.525 283.6888
520.5386 308.9816 230.8395 286.4953
520.5733 308.6728 231.7746 285.8111
511.3534 304.5646 236.2408 283.0581
519.5458 308.735 227.336 284.8056
502.1833 288.2788 216.7284 268.0005
500.9633 288.2925 209.9717 269.8465
501.5495 282.412 205.5156 268.9616
490.5743 287.7932 211.6909 268.079
489.498 281.9163 207.1095 265.5539
494.6871 285.2351 208.4411 260.102
491.6618 275.105 209.2602 259.545
494.9296 272.7635 201.8586 259.3865
498.1511 281.5622 205.9523 265.2149
499.6564 278.5446 197.4408 260.8576
487.9223 268.5253 199.7073 253.9726
488.1872 270.6487 203.3352 251.9009
484.3668 274.2241 195.757 253.3318
480.4362 269.3779 202.7677 251.7515
478.0585 268.6152 197.9982 249.0724
500.4886 287.7436 217.6257 262.1025
496.9195 284.745 210.1126 272.6933
498.8192 282.053 214.4133 262.5167
497.3455 283.6341 211.6282 262.5186
510.8425 288.2325 224.3644 277.227
519.0978 306.7532 233.0877 286.2048
529.4535 317.6188 250.2852 297.2518
530.34 316.7142 244.5191 297.7636
528.9567 307.668 237.2307 289.4679
543.1936 326.531 251.8233 303.5257
538.5125 325.5379 250.2218 309.714
547.1183 327.8795 256.1749 312.6362
523.9233 308.9911 241.5249 292.9047
536.7433 332.1411 253.8617 302.2722
555.8498 336.5076 257.3467 325.5681
555.5271 339.7064 278.2852 327.2626
558.6542 343.1664 279.9893 338.0938
566.3337 359.9281 284.4561 342.1471
573.6927 368.4525 296.664 341.4024
580.4068 362.3184 289.1184 343.4103
568.5932 348.4146 282.097 331.6516
571.0862 350.8523 276.8043 332.3539
561.7219 355.2411 275.2234 340.9411
568.5844 351.5467 273.3919 332.606
570.4867 355.9642 285.3035 333.3475
574.2959 352.7145 285.8936 340.9971
568.068 349.1142 276.3863 328.5174
564.3914 349.2822 278.7972 325.7285
554.3476 337.1853 267.737 321.0776
559.3333 341.0783 268.6966 322.3095
560.9531 341.9793 272.0147 328.4891
566.0164 356.0434 281.4113 340.7868
567.3709 359.9294 286.5941 335.5802
562.1505 346.0245 280.3469 336.9415
568.1649 354.6437 282.4167 340.1735
556.6014 336.1586 271.9174 313.2978
536.7347 324.9208 257.1985 298.8383
541.0606 324.6158 250.8247 314.4512
549.7491 337.5664 256.7175 309.5037
542.6808 327.962 261.6851 308.4758
554.6993 348.8716 271.1715 316.897
553.6487 338.0141 262.2893 324.4917
561.9587 351.88 274.9496 326.8194
555.5943 350.3701 267.265 326.2782
554.1738 346.737 260.6757 326.6091
550.3765 335.1541 266.5779 313.7489
563.7121 346.6603 272.8035 330.978
553.7261 333.0622 256.0473 311.4027
557.4613 343.6229 274.6373 324.464
558.8438 347.7523 267.575 334.1066
562.4986 355.3769 278.283 328.9489
560.8611 347.7923 271.149 333.6001
565.9057 345.6114 273.1422 331.3718
568.7266 355.8404 279.8342 336.2947
568.485 355.4444 287.9578 339.8132
580.2026 363.4034 280.2856 342.7999
573.7618 360.2589 288.5838 350.5471
565.3788 361.7039 282.0167 328.2194
579.8031 358.9629 290.257 338.9219
578.7122 365.2432 297.0625 346.3312
581.9439 367.5565 296.9867 355.594
576.9341 374.085 300.5764 354.1283
580.557 366.1489 292.5677 347.5573
564.2128 357.9815 295.7264 344.7129
570.2947 363.1485 286.0683 348.7003
583.6715 372.0872 300.8421 351.3922
583.2999 362.944 297.2916 350.8645
564.867 354.0097 287.3059 340.722
573.1443 367.0803 297.5967 345.5596
575.1931 369.3034 292.4715 344.9222
580.6704 377.498 296.2674 352.4472
576.6269 358.8698 292.9537 343.6086
586.9358 377.4731 295.3572 349.8749
576.8737 365.1485 293.0144 346.2565
579.5595 364.2563 295.9242 355.6034
578.7836 358.1881 291.9257 344.1668
577.8944 364.9405 287.3276 345.0142
598.1934 384.5204 308.8805 361.2115
585.3291 380.205 293.9268 351.169
592.1615 374.4499 301.5548 353.3816
572.3089 361.7799 296.831 347.0686
577.4549 365.8457 285.3373 336.5504
571.7609 349.875 280.3208 336.1372
571.739 356.1869 281.5314 329.4513
578.4172 354.252 284.6903 342.6382
557.0033 346.3333 275.551 323.4614
564.8185 356.1976 274.2483 327.7982
568.6069 350.5751 281.4012 336.194
564.3897 346.6633 274.8098 335.3721
559.079 342.4734 271.018 323.0394
566.1691 349.5574 270.8095 332.3751
561.7371 343.4 264.6058 336.4506
565.5375 347.5272 279.1183 335.9996
558.4048 342.1179 277.4943 327.8986
557.4521 345.6948 267.7448 327.6482
554.3352 341.5597 266.2286 312.0023
543.2855 334.0494 255.6018 315.0098
556.5061 341.5278 258.4091 317.0855
562.0969 351.4528 268.2326 325.8497
575.4468 359.2002 287.2438 343.1371
572.989 367.3311 294.2496 348.1165
582.172 361.0955 286.3966 346.9834
580.3973 366.4738 290.4725 339.3177
585.9705 363.9093 300.9458 354.4102
587.0546 377.1335 297.0888 352.9019
593.0347 379.8578 305.9124 364.7581
587.859 375.8609 296.978 363.631
577.2292 370.0213 284.3565 338.7105
580.9853 359.7093 289.8338 335.2878
575.7424 361.7887 285.9011 342.1097
563.0318 350.3383 273.4095 326.5719
559.517 345.4644 267.3635 321.1854
557.2435 343.6258 272.4876 332.1262
568.9199 354.1978 272.2278 333.4097
571.4631 354.2005 277.8883 337.089
565.9276 351.4587 281.6256 333.8862
579.0428 363.773 288.4368 343.2752
578.6439 370.235 297.2714 344.0157
575.3566 366.2373 290.7541 343.8446
565.6798 356.4667 283.6016 344.5505
570.7932 356.208 290.9232 340.2316
580.4617 362.6508 288.4699 343.3084
581.6321 367.1029 298.2125 348.7903
575.4546 363.219 283.6123 347.1661
582.0771 368.2638 288.8076 349.9423
585.0896 371.1223 295.9558 354.6716
573.2895 365.6271 288.6241 338.4643
574.9313 361.0911 289.9927 354.1342
576.0728 365.5436 291.1432 340.1752
570.0673 354.4721 286.4844 335.658
571.2856 356.733 288.9984 342.3209
586.045 371.3738 298.7036 345.3158
598.3809 385.0802 312.7468 364.3702
595.0291 383.5346 311.3458 368.4152
599.8674 385.0619 319.7882 374.9251
602.0414 389.5573 319.1815 368.0018
581.3394 374.4139 303.2377 356.6179
609.6193 389.3501 318.0236 363.5711
595.5078 380.0688 307.4312 361.0133
586.03 373.5984 306.26 367.3607
585.0681 369.9981 292.0384 348.9818
576.74 370.8716 302.4612 350.9552
585.0191 363.7906 295.0706 343.0572
581.6739 368.0343 293.287 343.9742
578.4703 363.6287 288.9359 348.9139
565.6864 353.7108 278.4175 341.4898
567.973 357.7317 277.2317 336.9322
577.9612 363.8266 286.1229 343.5646
554.9454 348.2478 270.2319 329.4175
555.1863 342.3197 271.1704 310.0787
549.0497 341.8314 267.4541 319.4231
560.4503 343.8863 272.0768 328.2426
563.1314 348.1105 272.6231 329.4552
558.6038 344.7861 264.5675 328.8579
565.023 355.0935 278.9769 336.8505
569.2062 361.5964 292.6098 336.4056
564.021 350.2678 282.3411 340.0524
573.1372 354.3218 287.865 346.3282
582.6725 371.1616 303.1554 348.3856
587.0645 372.5883 292.9424 349.8559
587.2162 375.0819 305.2906 355.7397
592.0449 369.7673 306.5587 357.95
585.5967 373.014 299.1128 354.4929
584.7249 366.9187 306.0825 356.0036
583.4835 367.5471 300.2895 347.6784
576.1324 363.6285 284.3274 346.392
561.0401 344.8204 281.2323 327.2494
560.1707 343.0467 270.586 321.1902
555.2245 341.9116 264.7568 318.9387
548.9789 334.4624 257.0525 309.8356
535.0315 335.8038 248.8561 308.1719
526.8044 315.7598 242.9734 300.437
530.8589 320.5088 243.8173 306.8497
556.738 337.0053 265.0826 313.1989
555.3526 338.5055 258.1454 314.2304
550.364 339.7064 263.7749 308.5679
537.9637 333.9074 256.8298 305.1376
543.9227 333.1062 260.03 318.294
556.6959 339.3839 268.7632 319.7475
548.0195 341.6434 269.4254 321.0803
549.658 336.0812 262.5683 322.2404
556.4329 336.459 264.4816 318.4561
568.7161 351.6966 274.7593 336.2162
572.7134 360.1435 279.8143 327.5707
587.3623 367.7697 291.9574 349.9465
583.6562 364.8047 299.7664 352.8004
572.756 364.9306 284.0674 342.8777
573.5288 367.5373 290.9906 344.3734
572.3036 354.553 287.4161 337.4503
563.5744 348.0928 279.6416 340.3511
567.8379 357.5911 284.911 337.1533
561.0912 351.5425 267.1049 323.2574
559.6369 344.056 266.1931 320.4628
549.7373 338.7828 263.0728 323.8695
545.5543 330.6931 255.326 306.8014
538.3144 324.4246 251.9962 306.5771
522.8271 312.3344 245.947 288.4402
526.19 305.9975 242.2134 285.6991
521.648 312.8055 238.5206 307.1186
525.2458 320.6073 236.7996 295.2748
523.2019 312.7522 238.872 288.6361
516.2075 297.5837 225.1205 289.5144
513.4439 301.3082 231.0957 280.8145
512.8794 288.5423 218.1945 269.7087
514.2191 293.4033 225.9033 272.0424
525.0982 305.7253 230.3654 289.2925
502.9493 291.4086 210.5266 266.6525
499.1023 287.6013 212.2294 271.0415
497.1921 277.2072 209.5908 267.5145
488.6228 278.7594 196.0135 265.0504
473.9846 272.8361 198.1103 247.9517
488.0023 272.0962 196.0723 253.2664
497.9813 281.4573 206.3669 263.6237
486.7064 268.4239 198.6966 251.3464
479.3479 268.171 201.1976 252.749
486.9784 268.8745 200.2391 255.0617
499.3489 280.6064 209.8754 265.6857
501.2338 284.1326 216.0842 268.9588
514.9824 297.7955 237.6483 281.1737
523.9488 306.2335 244.969 291.4604
537.4151 322.3972 240.7826 300.1254
545.308 326.7261 252.2996 307.2445
537.9889 327.5025 253.1913 303.5677
540.7758 318.9685 240.9238 297.7243
524.1509 304.0114 231.7526 283.0786
529.4452 316.5233 243.7914 298.5928
546.7615 324.3796 259.5283 307.9688
532.1386 315.5448 251.1818 294.7227
543.3371 328.719 256.9013 309.3003
533.5915 323.0196 246.9957 310.366
556.059 342.6024 265.4299 316.226
570.6446 355.0246 280.2628 340.6282
584.754 378.973 304.6901 362.0373
605.1709 386.8469 317.7776 365.4137
600.3774 393.2155 316.7728 372.0147
598.6766 388.3436 319.0035 368.4374
607.7428 395.8161 310.2938 367.5863
607.4664 398.3639 315.5729 360.6195
600.3846 394.2296 319.5891 375.2105
601.0078 390.1747 323.8285 376.6314
609.4259 390.4059 322.0835 376.6753
603.4059 396.9128 323.5985 380.8725
609.4021 397.1788 322.6145 374.3506
605.68 393.141 319.6096 375.9253
608.4513 385.6965 319.1719 376.9685
597.1732 383.076 311.1003 363.992
596.9546 379.9439 316.2835 362.9782
581.9866 372.0985 299.2955 353.3335
582.3872 371.8317 297.3 351.7366
600.3308 375.9733 310.7879 366.1453
602.7249 379.0001 313.4675 377.3362
603.9275 388.4646 314.7282 366.9538
606.6943 390.1404 320.7381 370.1316
609.089 390.5344 318.7048 373.8321
606.4239 391.1792 319.8583 374.0805
584.1709 372.0499 297.8742 359.7351
589.4836 382.2804 309.831 363.3091
597.3839 381.4414 313.9321 364.9331
598.867 387.7995 307.4594 363.355
598.9865 380.7114 306.0465 362.5252
591.6007 382.8376 304.4083 361.2412
588.1279 369.7155 305.7574 360.2592
588.5238 377.1057 301.912 352.0447
583.2127 359.6878 286.4617 341.2549
581.4518 369.2001 295.2705 357.5381
588.8873 376.1826 300.5427 353.425
600.4972 380.8424 305.7412 368.4813
592.2837 371.2645 311.5241 357.7777
604.3131 386.6588 309.5598 361.3112
608.4592 390.9652 319.343 371.7081
609.5272 399.6543 325.6529 372.7945
607.1206 393.4223 312.2227 368.8451
601.9782 387.3044 313.9138 375.1686
593.7213 381.9104 309.4034 366.3447
588.0481 369.5908 294.8963 356.902
600.3484 384.3863 305.9608 354.5218
596.38 381.9002 313.1183 364.5462
578.8578 366.2488 298.4071 348.8993
581.9649 359.3571 293.1934 350.0121
580.0734 367.9283 290.1704 346.57
567.1707 365.8946 286.1615 341.41
576.0548 364.6775 296.6786 348.8441
573.8749 356.5887 279.739 336.7624
577.2379 363.721 295.4032 346.4088
568.9738 366.8677 282.9783 344.1883
559.3933 348.7347 272.1629 335.3089
558.0006 350.9039 271.7344 336.1084
546.6329 339.9244 264.7203 314.8058
552.9836 337.6943 263.5418 319.3209
542.6627 330.1174 262.469 310.0417
548.8047 332.317 254.9758 318.7491
546.2879 330.7474 257.1398 312.8001
552.4255 330.1531 260.1408 314.7721
562.232 344.0581 267.0426 322.041
555.1178 338.1811 265.8385 320.2865
542.7786 329.8483 255.4845 311.7982
541.7213 324.4055 255.5129 315.4284
542.5295 337.2052 260.6357 312.9775
541.1216 336.9985 268.6604 315.0433
