332.6386
529.3762
650.8913
307.9853
344.311
590.2573
457.0643
716.8049
618.7697
599.0917
367.4479
351.9225
718.4548
668.3445
445.6292
318.7155
423.4457
450.1711
338.6294
318.7309
269.2322
338.5786
284.13
358.1576
469.2338
420.4241
180.1819
150.4433
213.9936
320.4345
403.6018
237.0489
215.9821
347.5005
277.6465
327.3
298.9525
334.3184
549.9814
252.4249
451.3593
265.5332
246.8721
386.2615
340.7404
359.3463
734.0099
654.9182
323.7923
478.1546
487.7391
545.775
745.6111
229.9516
253.7385
274.061
261.169
602.6788
564.7169
440.5544
338.7868
680.8943
744.1159
633.117
489.1396
571.6097
486.5017
516.7947
516.1041
570.1481
575.5652
513.4323
434.7313
670.2855
817.3851
781.4502
465.6986
744.3095
197.7157
216.6427
292.455
418.8023
327.7607
393.365
587.2802
493.8796
348.1745
705.1825
597.0319
256.5186
403.5847
348.5531
319.3065
560.7795
619.3609
678.7453
476.1009
442.1609
615.0757
489.3351
324.0773
430.7076
447.5877
342.1538
587.0397
788.6217
715.1795
461.699
362.0393
420.2775
745.5552
531.384
250.636
573.051
707.0689
308.6493
497.8982
382.0851
333.4276
452.9269
270.196
314.8306
560.5772
402.5478
479.2951
730.2466
440.1603
302.5344
489.5666
453.6732
331.8518
349.8037
451.2943
430.6145
471.3054
448.4118
234.8725
358.0308
389.4024
353.3886
462.2223
529.9474
358.6355
274.0178
446.2338
266.5696
314.5252
225.5798
336.9191
207.7155
252.8562
452.3336
325.4106
395.7854
296.9079
704.1648
417.7323
259.375
386.6882
308.4827
227.6499
220.2264
187.0756
363.928
441.4923
971.5362
557.7976
536.2921
668.9684
492.7556
287.5653
308.0908
414.9572
455.2698
462.6446
609.3966
626.0765
411.6643
553.8572
426.5285
359.9773
454.0566
228.0275
267.8294
533.7532
332.257
363.1609
406.5138
378.028
270.2276
270.1912
417.1528
333.9994
728.2437
807.9888
491.1791
531.7462
394.6701
368.8961
334.9491
397.5566
594.975
355.6672
320.7388
442.3212
394.2589
465.909
415.7843
674.8111
448.6423
376.3277
333.7866
309.0139
369.1171
609.4562
282.6
419.8194
297.1609
276.3021
312.7244
306.1934
219.2239
564.9836
566.5336
558.191
787.1817
699.8973
582.9877
331.9001
452.3881
352.2006
338.1191
241.1283
242.4045
332.7889
363.6105
394.6673
474.6566
613.6681
603.1986
873.8016
361.9973
348.3369
273.8162
456.5992
417.6317
311.8546
293.41
489.9951
482.9314
423.707
217.4602
455.7109
706.4847
460.1781
439.4804
391.843
565.9006
585.3413
689.6647
295.1424
395.8499
287.3434
347.2795
350.1371
456.2936
563.9343
603.629
668.9906
421.5304
510.1197
493.9469
592.994
585.939
442.9521
558.705
784.3598
562.8881
531.0763
505.9486
391.8429
490.9029
367.864
392.0096
418.1432
334.5162
363.0977
587.1363
674.0756
903.4107
558.622
698.1388
542.9463
280.0452
365.5081
384.9503
337.8895
611.032
433.3814
495.2396
339.9055
393.2686
574.5739
313.7623
528.7466
523.7797
573.2119
358.9142
217.5096
277.4383
506.1106
388.4531
478.1533
385.0967
394.1099
301.8794
337.9361
397.9555
313.3011
314.6836
377.4991
386.3322
383.3514
247.0391
287.9745
534.3138
572.2306
406.1674
389.9416
252.2136
292.6315
282.8131
277.7807
363.9626
381.1248
334.7911
651.2464
636.9924
633.7311
333.3321
268.0226
264.8335
425.4696
295.214
195.8119
365.2618
341.2751
486.5419
497.498
285.0124
371.3829
337.8251
250.2269
290.2225
343.7658
445.0358
329.7968
554.3253
688.3465
490.8909
506.9321
346.9099
477.2756
817.7029
438.5321
363.7899
318.3703
343.5714
332.131
218.7255
327.1352
493.1135
330.7938
282.8032
329.6575
497.6976
569.2211
623.0206
718.8651
596.3507
1036.303
663.5149
657.0545
362.2771
310.4772
351.3661
355.5661
375.9258
485.1876
299.4537
258.4257
297.8801
336.3189
302.1456
328.5083
400.5687
429.9965
423.7263
362.5881
430.4103
358.5376
589.9856
402.1111
265.3316
238.3231
417.9187
213.3161
399.8144
297.5347
356.4956
593.9858
730.8106
564.5381
276.7703
382.681
448.8802
366.5168
332.7879
339.9455
406.3422
294.7749
319.2382
420.0738
416.0175
463.5936
327.7599
338.0323
215.4653
295.5218
456.4413
776.8792
422.3224
465.6803
394.2273
360.222
296.1632
550.5112
458.5902
562.8912
295.1684
519.4042
407.813
485.7425
455.5366
609.875
589.4218
420.7071
499.1398
529.7932
364.4291
527.1457
460.4878
809.8511
487.8986
291.8023
419.6964
451.3203
406.303
550.7651
242.4761
278.6287
335.2511
376.5301
358.7769
201.7681
349.3564
368.034
275.7171
239.0925
440.2719
257.5242
226.7649
211.2478
343.177
330.679
444.5905
390.7235
413.6638
498.9002
388.9489
466.7212
467.0391
390.1816
232.3897
446.6841
290.4423
305.0001
273.4221
535.2234
309.8733
321.3136
612.6498
1099.282
649.054
379.5119
294.6314
313.7163
299.5477
377.962
379.7155
368.6467
386.9081
429.319
491.7211
476.6355
465.8569
484.547
466.0565
502.7998
370.8797
213.5544
344.1886
296.1835
351.0354
277.0111
230.4671
378.4856
327.4488
542.5811
598.4932
380.8281
319.8224
451.3608
405.0148
344.3425
243.996
405.8497
381.4644
681.7607
473.7517
303.1178
308.4246
240.0043
367.4177
251.7575
188.391
306.2677
279.7547
329.5188
750.8447
433.1959
584.9478
301.0086
275.5268
424.7994
360.0131
240.7668
237.3665
622.7138
277.7313
357.4255
449.3588
715.5239
698.5229
413.9872
332.6465
409.0516
397.4706
330.4762
626.8
532.4302
269.6051
343.5397
499.8965
537.9634
428.2473
610.4014
758.2831
413.4436
269.8761
389.5707
385.5357
269.5904
343.8287
658.9271
477.7844
339.129
701.4909
522.0049
444.7764
416.028
437.6521
345.7891
189.6274
330.3888
749.4657
470.9504
274.712
355.0267
378.312
419.2047
591.5253
454.9104
405.0419
254.5355
376.0399
488.3259
987.8716
452.4045
766.9809
477.2342
736.3765
1046.759
691.3955
385.8682
440.518
716.7009
511.4131
648.8059
410.6827
389.1289
340.2214
440.1757
561.8215
487.473
455.9292
429.0721
335.853
360.4041
383.6416
291.705
633.8457
432.0269
424.1364
386.7354
216.3203
301.452
235.4378
508.5903
370.8918
356.1411
553.1126
464.1427
589.6824
690.5726
397.6496
379.5184
619.6699
299.6866
308.0741
291.2789
433.4123
487.952
571.5879
488.4597
391.9871
408.8728
453.8357
336.1318
400.8705
379.7396
301.1733
477.908
435.0511
481.1881
650.5182
498.0045
257.3645
432.559
444.555
639.9335
445.4608
211.4323
347.5287
259.9217
452.1298
293.7972
227.7862
206.6848
183.9194
320.1285
392.8413
202.7635
343.2844
332.0209
368.524
465.3065
356.7289
381.0005
397.7071
595.4197
428.9173
342.7798
347.2121
443.6749
522.0952
541.9021
467.2027
686.3161
544.4996
445.0112
597.0945
349.0786
254.1969
353.4919
300.6238
405.2962
245.5659
289.889
396.8656
475.1172
543.2638
470.1474
422.6733
339.6036
499.8689
503.8365
407.0267
498.482
355.2773
525.4015
353.267
441.6127
436.5392
292.5745
368.1428
475.9126
808.1216
533.699
353.9507
333.6424
370.8411
235.9589
297.9611
355.1043
393.5247
663.5725
844.4366
621.7717
515.0436
625.405
466.7467
478.7622
321.458
372.7409
445.849
549.1772
459.6247
419.6249
231.783
619.0851
487.3073
222.2888
416.5008
461.1192
407.9013
676.589
791.4943
749.9303
452.5983
418.292
388.129
390.476
606.2021
435.8369
622.139
636.4061
574.5616
387.9502
440.5475
370.2703
213.9743
429.759
223.9097
251.3702
282.7807
292.9013
285.0532
240.0758
463.0464
588.5823
431.8048
590.3972
334.3929
597.571
512.7052
440.5244
455.8305
326.9551
489.2932
504.3865
362.0233
578.3529
310.8043
280.2491
301.3299
319.1374
372.3098
427.349
399.9422
495.338
515.1024
373.6072
397.5746
404.8423
345.1611
365.2736
395.4563
347.5398
481.3673
778.8195
416.674
274.3102
225.8268
314.7206
308.6311
335.4454
474.665
567.4448
513.0819
345.8832
473.0524
424.9063
610.5052
488.8502
478.4225
397.2848
428.102
330.7513
279.049
327.5354
349.29
387.0631
396.9704
373.2582
288.9449
287.95
347.1324
283.6507
526.5622
510.3775
387.7118
482.2821
531.0146
300.73
317.4885
198.5183
306.7994
319.274
288.4925
282.2414
281.7077
456.1012
675.0057
400.833
544.1544
450.5327
339.7813
349.1826
521.3924
442.6807
321.3305
387.4435
438.4304
523.9278
440.1253
376.0997
610.4986
310.7413
232.6596
293.0865
238.9651
385.8111
202.8156
249.2614
293.4558
218.7579
471.5989
441.946
255.6075
309.533
204.9524
245.442
318.1239
529.1607
355.4742
264.3386
205.3563
176.9098
198.5224
550.9636
539.048
402.428
324.587
324.8153
486.7983
722.5564
358.2492
465.885
431.1173
396.2938
348.2197
355.832
290.6079
343.8022
202.6252
345.8572
380.6852
313.0538
563.1525
481.0746
459.324
342.5465
526.9623
489.5561
304.1891
276.613
426.8386
485.0764
339.4914
678.9099
529.2351
431.7842
357.1187
572.7388
370.413
254.5824
277.0675
276.6373
405.9639
465.9166
602.6701
830.0705
637.6248
404.4877
459.944
487.3026
248.3873
314.8131
406.2217
288.682
244.2427
233.1137
423.9074
341.642
357.0573
468.9047
351.2265
588.4083
338.6478
253.1736
199.0417
251.983
400.3659
485.6356
431.9939
405.9696
330.764
365.27
307.1144
328.65
267.4774
301.8182
244.5585
310.6869
352.9003
487.6765
308.7984
553.3731
619.4323
431.4175
400.291
424.7087
460.2309
545.6311
450.3154
386.5725
423.6692
335.5605
371.2515
284.7078
713.7369
505.9883
478.6959
333.2681
318.7945
458.4117
271.245
732.2994
476.9306
320.6675
594.3167
330.7712
328.059
447.6274
292.0132
296.0021
261.3052
464.5879
290.1427
529.915
375.2491
532.889
577.7153
623.4795
417.6297
340.0531
428.4028
417.4492
388.3037
