154.1772
164.3502
158.9923
163.5172
166.9321
181.3523
179.1528
180.5268
172.9077
174.1733
177.4088
172.8063
172.5433
165.9339
149.937
136.4547
119.8562
112.662
112.3232
118.0868
110.6309
116.8656
123.372
119.0128
126.3796
128.5576
132.7993
139.4446
139.4851
141.7022
142.9747
148.6732
145.4226
140.5096
131.6625
141.5976
149.7145
160.744
148.7517
142.2742
145.5387
141.3191
151.6891
140.3685
144.873
137.0513
131.1982
133.8541
124.8715
123.0976
111.048
111.457
120.8915
113.6397
107.9879
115.5578
100.558
98.33376
97.42607
103.4637
115.4016
110.9804
118.0821
112.8448
114.6
108.5568
109.4381
114.583
122.3356
117.6811
121.4529
133.0482
126.8467
137.8712
129.674
134.4518
126.8955
135.4197
131.8699
114.4827
105.2078
113.8615
122.7469
126.4455
130.2818
138.1174
148.4293
143.9733
130.0131
120.0136
118.7588
125.6159
112.9453
111.665
98.25163
97.78454
111.6818
113.2589
130.682
128.8147
124.0865
132.6935
127.7047
127.5351
132.3493
130.5605
129.0052
139.5703
137.2176
153.0987
160.0315
163.8134
159.6157
154.1989
138.6225
133.7383
152.804
154.5921
155.1889
154.1109
153.8911
152.644
161.9486
139.6716
145.2937
148.3359
151.7328
160.1116
165.3706
173.7792
168.0584
167.2024
158.2058
151.7359
147.1199
139.0644
155.1854
155.87
149.0808
140.8359
147.768
148.3334
153.8746
154.8244
151.7939
145.849
144.1226
148.4666
149.394
161.1323
159.2123
163.2725
169.7394
175.5997
163.1548
166.206
156.7377
153.63
153.7091
155.3076
159.0816
152.5188
141.5954
140.5486
137.0987
144.5722
146.1724
128.4605
134.6491
144.1583
146.8905
145.484
144.8883
137.9513
142.2125
148.3578
142.7576
129.5656
129.8225
123.2247
120.5761
100.8746
88.06417
81.37312
75.08368
67.67595
74.27839
60.31181
68.72214
71.6121
69.25624
72.24597
66.2157
60.80689
53.18929
62.16024
62.04995
66.25282
61.17742
65.05441
73.39286
69.35819
73.68261
62.60194
75.49472
71.03724
77.63076
80.91643
82.44744
80.55442
91.47162
93.4918
96.70174
86.53121
88.62258
83.43706
86.78189
79.23174
76.93956
77.19899
75.90786
82.84009
91.68318
91.51986
79.9167
80.1835
84.5535
80.09569
70.75392
74.20823
56.60043
47.51764
37.80191
43.34417
55.76342
59.88423
49.20291
50.50343
44.8396
38.02805
35.93161
29.06888
14.58235
20.37317
17.34273
26.05783
31.67384
21.46981
12.67998
6.360394
-0.04609664
10.78504
7.156295
21.16708
23.61452
16.72821
24.4204
19.69586
22.66864
22.56148
20.70505
12.84922
20.68149
13.44671
16.36838
16.43346
14.10804
30.34004
27.95632
28.32907
32.89504
26.31732
30.99103
22.99393
18.3759
24.2106
7.757346
7.2961
5.505281
16.72797
9.929396
1.713277
8.461161
11.83745
20.44489
23.79319
18.2917
6.627885
9.546131
16.25575
13.30349
19.3617
8.914301
16.12315
23.11588
15.21187
14.6665
11.19874
12.31877
13.55527
-3.655895
-6.391684
-12.78424
-19.93048
-20.82852
-30.56804
-26.76464
-35.66011
-32.10215
-37.18519
-43.344
-40.13891
-33.21014
-38.47076
-37.5111
-37.09513
-36.52055
-40.67684
-46.16574
-44.64296
-44.80764
-42.93733
-52.66614
-60.48863
-64.93358
-55.55125
-69.77994
-73.93971
-73.68131
-63.87167
-56.60658
-69.5778
-60.14654
-58.60931
-61.42454
-61.31659
-79.35735
-86.44602
-82.56978
-80.73838
-82.1816
-81.60645
-85.50084
-78.28945
-87.83432
-102.4471
-106.7167
-111.6199
-118.2158
-129.5903
-125.1463
-136.3277
-137.5202
-132.549
-135.301
-137.2731
-144.4365
-138.1949
-126.9455
-115.3919
-113.1518
-107.5626
-91.19343
-97.17742
-92
-76.17701
-87.93763
-81.5517
-82.53252
-86.24617
-93.76869
-90.53153
-81.87705
-86.35188
-79.84003
-84.7839
-89.29023
-99.73325
-91.04594
-98.40497
-86.89666
-68.91898
-71.74833
-76.41528
-76.46314
-71.22474
-68.07228
-72.04315
-60.57977
-70.41567
-71.59852
-61.90468
-57.9168
-62.83834
-74.11902
-76.37504
-86.26312
-91.46227
-91.79009
-92.9199
-100.1092
-98.96714
-101.0982
-90.23765
-91.75928
-88.49866
-94.19199
-87.15024
-75.4166
-76.69881
-73.05451
-82.48419
-82.61653
-78.97015
-60.98726
-63.36484
-77.07837
-77.06355
-82.30786
-84.90532
-93.18611
-100.9035
-96.18665
-89.11265
-96.39947
-99.80036
-105.4384
-106.7136
-103.755
-111.4657
-109.4211
-96.78352
-92.9011
-90.14126
-91.15678
-95.2798
-102.4489
-104.8502
-107.7592
-118.4564
-113.6657
-111.591
-109.9796
-106.4193
-98.86354
-93.51788
-95.78871
-96.91879
-107.8166
-108.2622
-106.3776
-107.5258
-108.2744
-112.1459
-113.3389
-125.0402
-132.3828
-135.4515
-139.1258
-133.779
-144.1647
-147.536
-141.5282
-149.9785
-169.4584
-146.7695
-140.8063
-135.7036
-134.2759
-136.9817
-150.2483
-149.771
-155.7709
-157.8586
-162.4804
-161.156
-163.0726
-164.2292
-160.5407
-169.7898
-168.592
-160.5896
-156.929
-165.4569
-174.171
-170.7514
-165.9952
-172.9177
-167.9635
-168.2928
-165.4244
-169.8565
-174.919
-186.7032
-176.1286
-177.8676
-177.0319
-178.171
-161.4167
-167.8756
-161.6056
-172.029
-175.8958
-184.2202
-186.6342
-185.9626
-170.2746
-183.1099
-177.8405
-168.9016
-169.9633
-167.6017
-178.9177
-175.4359
-172.6447
-178.9791
-170.9274
-173.0596
-179.408
-178.5268
-178.5866
-172.3512
-171.4181
-174.2909
-180.3302
-197.973
-202.0049
-208.346
-212.2326
-202.3154
-204.715
-204.0154
-206.3152
-211.5378
-211.7004
-200.8596
-195.5416
-201.6735
-192.5171
-194.4039
-197.1195
-192.1094
-193.3092
-201.0852
-192.7745
-205.3286
-203.1838
-213.7956
-209.4867
-204.4892
-206.4645
-207.9004
-212.3767
-219.1047
-225.9682
-216.2326
-212.4742
-204.8756
-206.7592
-207.7069
-206.9773
-214.8659
-215.2853
-216.248
-224.7735
-240.8184
-246.3218
-248.062
-255.2756
-254.4712
-241.3975
-240.693
-231.503
-236.3401
-235.9572
-243.3916
-241.4776
-235.8963
-247.5659
-237.9311
-242.2497
-262.3743
-267.3848
-246.7851
-248.5484
-268.6525
-273.2803
-270.1755
-269.5821
-255.074
-263.8388
-274.1152
-277.8822
-269.4515
-269.6191
-266.4137
-265.943
-248.6623
-246.0156
-242.1668
-242.8429
-243.7331
-243.832
-237.3629
-242.2599
-242.7839
-242.9059
-241.4924
-241.5517
-245.705
-256.5335
-250.6501
-239.7492
-224.5227
-225.6584
-232.6629
-225.6399
-224.9867
-217.153
-219.5166
-223.1505
-213.3012
-212.7978
-215.7796
-208.7788
-195.5709
-196.9102
-187.5359
-198.2849
-199.9752
-208.5975
-201.7866
-209.7898
-204.2444
-202.9311
-190.5285
-196.3013
-194.6159
-192.1111
-186.0257
-184.4375
-176.5768
-181.6261
-177.1171
-169.0461
-172.4802
-168.2336
-173.4639
-177.4062
-184.031
-177.5626
-182.4119
-183.6792
-184.7953
-181.8205
-185.4248
-189.7078
-183.8693
-178.7953
-182.9923
-184.3393
-187.441
-198.8173
-202.2755
-203.8901
-211.4545
-213.7143
-210.4865
-205.9323
-207.6598
-210.1841
-218.3334
-209.8166
-198.7588
-193.62
-195.2541
-190.8446
-188.7712
-186.4146
-188.3472
-191.3678
-191.1359
-196.3668
-195.6747
-191.331
-193.9145
-180.2512
-189.1968
-186.4686
-168.4303
-177.2143
-181.2702
-178.1947
-186.0061
-185.6259
-181.3332
-174.559
-175.3142
-168.9323
-164.0437
-152.8654
-159.54
-162.7397
-167.0956
-157.0084
-157.8198
-177.0816
-194.9166
-200.196
-206.3737
-205.7998
-206.1964
-209.5695
-200.9078
-217.6699
-216.8544
-220.3402
-222.3178
-234.1376
-237.2882
-240.6961
-233.2539
-236.4132
-235.6742
-235.8017
-238.5211
-246.5644
-242.5448
-231.6177
-222.8961
-227.23
-219.4356
-227.881
-233.3251
-238.3005
-236.5812
-222.5039
-209.8218
-216.8718
-218.1337
-216.143
-228.7471
-229.1385
-237.7512
-237.5189
-232.2715
-226.6812
-226.6635
-217.8642
-218.4509
-225.5702
-229.6737
-233.4781
-240.8786
-240.8192
-236.7027
-233.3372
-233.9055
-232.6123
-239.0707
-226.4406
-229.2683
-233.6913
-231.7273
-232.5164
-240.3735
-248.1046
-240.0086
-232.0405
-248.4193
-245.0508
-250.115
-255.7698
-258.3835
-263.2347
-264.2487
-255.3545
-252.5871
-267.672
-264.424
-267.5557
-255.091
-252.0539
-247.6061
-240.4396
-240.0266
-231.2599
-243.3496
-245.628
-246.6605
-244.4873
-248.0135
-245.2206
-244.4813
-225.245
-224.5283
-213.2718
-216.3001
-222.286
-225.4023
-230.2174
-243.0116
-240.7585
-242.4486
-241.5183
-241.6835
-250.9226
-240.9008
-237.7286
-229.0405
-233.9313
-222.1276
-227.4813
-227.8795
-233.7021
-243.8225
-247.4943
-254.2285
-258.7169
-250.9147
-244.6119
-248.101
-247.9922
-252.3647
-250.2975
-253.9942
-248.473
-250.6224
-252.1033
-238.7356
-240.2534
-242.5292
-248.7907
-254.9109
-253.126
-259.9821
-263.5817
-253.8205
-263.261
-260.8549
-260.0196
-256.3702
-247.4007
-247.2592
-246.0606
-251.0988
-246.1757
-247.7875
-258.4128
-238.0687
-237.941
-230.3923
-233.3385
-234.4668
-230.978
-239.9492
-248.6315
-238.5791
-242.4279
-254.8891
-256.7605
-256.7162
-261.782
-254.029
-247.4524
-259.426
-257.9374
-249.4929
-243.5973
-242.8773
-234.2444
-230.7063
-229.4236
-225.2717
-219.6674
-215.2062
-216.2797
-215.0014
-224.6926
-223.3036
-223.3729
-228.7177
-224.5644
-223.6333
-224.6706
-231.0985
-233.5438
-238.7971
-247.3048
-249.9579
-246.9413
-249.9399
-236.5365
-236.1808
-225.6806
-213.5503
-204.1967
-192.0799
-191.5771
-195.0076
-199.2582
-200.9359
-184.8063
-185.0065
-177.3129
-175.8867
-173.3417
-168.3729
-172.3078
-168.4217
-168.3777
-164.2265
-147.319
-156.6671
-151.7849
-141.7443
-150.3554
-157.8627
-164.9313
-176.0863
-189.8814
-195.3896
-194.7208
-203.52
-198.2378
-199.6634
-200.3351
-207.9154
-202.6398
-222.9445
-213.9304
-220.4197
-236.5643
-241.9492
-250.6008
-256.3412
-256.3133
-259.1185
-259.7858
-260.8132
-261.4687
-268.7416
-281.4294
-284.3176
-289.0044
-284.7399
-276.8793
-275.3251
-263.251
-262.6477
-263.4852
-273.4177
-268.0715
-270.9593
-266.5581
-262.2451
-256.2762
-259.7049
-257.8284
-273.7653
-272.4439
-272.2971
-280.2224
-271.4306
-248.9637
-254.0931
-264.6313
-285.0224
-277.9787
-267.4781
-278.1308
-273.8615
-270.3957
-269.652
-263.6054
-265.5711
-259.7785
-260.1641
-256.9865
-254.2721
-254.3131
-248.6352
-246.2097
-248.881
-258.984
-256.536
-245.6153
-245.6517
-241.9673
-231.5183
-232.6934
-239.0765
-235.1153
-230.0957
-232.5801
-230.8546
-221.0132
-214.087
-214.8685
-213.9161
