1747.566
1832.496
1836.212
1732.867
1910.327
2079.565
1955.168
1918.304
1933.463
1893.275
2057.561
1792.42
1918.146
2137.418
2240.581
1815.759
1972.142
1999.888
2218.162
1961.324
1915.063
1930.605
2135.615
2029.145
1932.458
2082.43
1898.999
1831.186
2047.771
1870.287
1966.655
1871.403
1734.717
1885.156
2082.258
1888.401
1840.474
1826.611
1877.73
1970.657
2013.032
2043.811
1986.509
1997.386
1934.741
1931.747
1943.59
2166.796
2184.248
2027.093
1977.36
2273.662
2059.749
1940.689
1823.558
1997.675
2002.427
1973.64
1975.773
2001.533
1638.568
1997.317
2111.471
2133.948
2041.415
1992.72
1870.875
1938.172
1981.661
1973.997
1990.999
2069.258
2038.385
1795.863
1804.989
2052.632
1821.265
1907.213
1722.833
1647.586
1984.85
1921.985
1929.801
2133.437
1775.124
2130.374
2191.755
1876.268
1990.753
1655.693
2013.712
2034.468
2032.614
1889.705
1795.4
1919.714
1954.945
2070.489
1915.797
2108.37
2162.179
2050.844
1832.583
1951.8
2235.878
1873.716
2135.412
1949.08
2121.986
1987.038
1753.094
1935.927
2059.473
1991.521
1974.67
2020.903
2114.51
2117.78
1867.627
2212.963
2035.08
1806.307
1888.243
2135.644
1871.112
1856.806
1983.169
1880.464
2114.186
1872.59
2150.186
2029.534
1869.795
1943.706
1754.556
1908.198
2014.423
2038.426
1867.621
1929.762
2034.029
1967.951
2128.152
1960.398
1852.909
1911.201
2152.268
1965.718
1998.969
1827.93
1915.09
1873.445
2106.318
1977.064
1906.313
1952.143
1936.006
1919.552
1936.769
1772.326
1951.504
1861.743
1781.272
1905.996
1861.015
1735.593
2272.839
1973.61
1795.645
2020.445
1788.47
2094.342
2149.617
2009.142
1805.943
1822.878
1755.903
2075.889
2019.947
2060.396
2049.149
2104.173
2006.452
1955.47
1954.747
1883.593
1962.898
2001.994
2167.07
2030.394
2315.115
2054.704
1940.724
1975.644
1982.802
1883.827
2107.655
1989.67
2040.193
1984.919
1868.826
2131.382
1877.49
2054.194
1935.566
1816.099
2074.283
1933.899
1973.249
2067.467
2040.146
2057.019
2199.494
1979.143
1970.969
2059.551
2038.865
1822.039
1773.789
2009.37
1892.254
1900.477
1998.075
2010.729
2146.414
2034.339
2033.419
1933.144
2376.765
2110.857
2025.2
1838.947
2218.011
1833.953
2024.284
1849.562
1904.624
1796.417
2138.134
1799.762
1894.693
2039.444
2077.8
1867.808
2020.72
1972.927
2017.092
2180.718
1949.132
1946.168
1847.016
1802.701
1927.319
2000.04
2034.441
1900.123
1951.865
1960.227
2042.053
1932.615
1995.084
2109.653
2297.858
1781.572
2012.809
1808.728
1897.709
1901.166
1934.059
1747.843
1956.022
1852.785
1736.695
1956.327
1976.592
1959.493
1925.862
2011.229
1914.523
1747.53
1877.707
2097.261
2109.303
1983.439
2116.649
1947.382
2129.822
2207.743
1782.243
2034.08
2015.897
2075.046
1882.618
1692.129
1610.486
1728.249
2088.427
2066.659
2197.943
2091.603
1936.965
1895.363
1819.912
1841.126
2018.451
1938.768
1812.649
2163.612
1910.625
1843.691
1783.636
2027.242
1866.634
2056.622
2253.187
1874.736
1999.995
1846.359
2111.901
2129.49
1920.867
1997.163
1987.304
1871.42
1983.224
1748.12
1878.123
2003.29
1968.899
1890.58
2000.94
2099.89
2046.86
2371.027
1903.239
1928.04
2065.175
1671.623
1868.243
2273.064
1793.175
1951.275
2154.287
1846.178
1891.752
2079.382
2132.567
1891.382
1810.483
1765.462
1812.564
2089.663
1900.39
1875.17
2454.814
1992.835
1976.396
1878.483
2033.249
2010.411
2147.809
1670.77
1724.73
2172.091
1856.983
2214.441
2272.15
1863.735
2158.516
1872.208
1896.648
1937.727
1977.341
2054.223
2048.138
1770.864
1978.745
1688.717
1821.688
1964.824
1950.538
1915.74
1881.657
2035.801
1849.48
2136.038
2097.222
1967.832
1954.389
1851.56
2079.551
1941.51
2278.888
1740.046
1847.622
1685.089
1907.542
1898.844
1780.52
1908.865
1913.074
1872.763
2120.917
1720.663
1787.762
2080.03
1945.305
1809.564
1983.104
1690.114
2170.528
1910.535
1930.717
1953.847
1927.126
2201.747
2003.664
2149.523
1962.482
2002.73
1986.498
2015.024
2020.791
2005.185
1847.817
2002.326
1814.993
1858.531
2080.843
2027.63
2085.129
1979.904
2025.947
1879.872
1938.227
1983.304
1836.869
1988.045
2064.719
1792.963
2030.318
2077.07
1907.178
1918.745
1870.237
1880.286
1985.931
1914.515
2040.317
1874.595
1934.566
1867.652
1682.105
2125.685
1993.546
1892.453
1752.356
2115.451
2141.886
1753.25
1896.311
2017.359
1857.603
2083.106
1877.933
1933.521
1947.196
1807.922
1992.837
1903.358
2016.958
1777.731
2014.846
1767.176
1917.729
2089.657
1778.244
1906.618
2095.541
1977.959
2021.534
2083.681
1928.032
2214.312
1742.622
1969.588
1849.943
1997.614
1743.061
1907.459
1777.171
2229.83
2086.024
1950.004
1832.686
1947.377
1772.782
1942.439
1911.779
1798.122
1900.462
1914.683
1908.701
1975.873
1691.441
2107.768
2154.858
1988.355
1894.644
2235.429
1996.446
1805.187
1901.984
2183.944
1816.029
2228.812
1934.734
2020.307
2211.537
1806.442
1864.976
1982.185
1901.918
2034.325
1908.958
1997.289
2091.135
2031.308
1925.704
1869.782
2038.855
1882.089
1783.222
2315.193
1827.023
2211.694
2055.159
2098.045
1876.65
1885.897
1978.995
2006.182
1927.235
1895.077
1951.423
2050.959
1973.473
2069.471
1853.972
2007.25
1870.885
1744.296
1927.862
1777.562
2058.451
2039.118
2056.327
1922.023
2043.736
2023.891
1915.373
1841.026
1892.672
2072.933
2019.326
1915.632
1830.621
2056.856
2017.578
2280.344
1819.18
1900.29
1847.877
1826.754
1927.251
1857.283
2024.67
2119.449
2030.964
2030.172
2000.723
1930.667
2042.042
1910.413
1956.833
1988.376
2267.907
1866.409
2113.2
1978.065
2000.75
1890.448
1924.652
1909.743
2073.481
2151.266
2072.929
1932.789
1908.863
1760.248
2102.549
2171.831
1951.176
2074.208
1768.512
2124.613
1745.396
1857.9
2057.584
2003.593
2291.895
1698.916
2021.502
2025.302
1908.015
1885.207
1841.083
1889.213
1880.62
1955.099
1913.793
1875.794
2010.255
1839.026
1817.201
1982.136
2035.045
1933.098
2189.438
1661.438
1956.643
2061.928
1838.928
2085.39
2061.126
2082.462
1928.235
1914.518
1682.079
2068.322
1893.003
1816.16
2223.41
2036.661
2220.778
1978.471
2018.889
2132.457
1945.305
1965.736
2001.921
2057.066
1987.509
2028.39
2057.985
1868.819
1957.268
1943.804
1943.422
2092.339
1903.197
2069.023
2097.808
2009.556
1965.356
1822.734
1774.6
2072.873
2001.677
2070.887
1945.758
2086.78
1985.286
1754.107
1905.524
2013.201
2024.871
1960.615
2048.428
1793.093
1929.118
1966.117
1996.016
1772.953
2154.331
1947.34
1952.85
2088.594
1849.261
1753.256
1857.855
2002.114
2140.431
1788.997
1801.731
1920.573
1910.059
1978.001
2001.556
1886.707
2021.063
2013.243
1933.292
2097.056
1961.945
1771.578
2090.804
2047.461
1798.968
1798.794
1967.259
1907.255
1735.765
2020.342
2064.818
1965.297
1916.768
2042.955
2052.963
1909.553
2020.747
2062.904
1871.142
1888.599
1931.775
2092.534
1734.097
2028.735
1901.727
2134.52
1960.658
1925.527
1881.945
2192.501
1920.976
1812.146
1989.405
1952.472
1916.365
1910.62
1962.253
2204.181
1806.626
1871.075
2119.543
1867.639
1848.292
1790.94
1921.118
1918.872
1981.073
2210.626
2072.036
1862.458
1874.668
1976.478
1984.229
1879.33
2133.336
2137.032
1891.549
2097.138
1980.734
2093.513
1860.438
2127.158
1886.191
2139.951
2058.55
1704.736
1802.221
2067.463
1623.215
2115.86
1796.792
2013.776
1904.863
2014.802
1951.001
1994.337
1886.018
2078.215
2064.299
2103.222
1975.009
1909.905
2055.317
1992.716
2004.624
1790.727
2116.347
1860.874
2039.403
1815.699
1935.344
1949.464
1879.514
2088.768
2086.728
2183.378
2132.264
2115.381
1852.464
1891.579
1667.808
2180.492
1933.792
2215.929
2060.666
2191.286
2102.206
2121.442
2039.67
2035.34
1959.242
1744.671
1718.053
1959.66
1818.882
1695.192
2076.933
2001.753
1979.686
1990.358
1942.753
2183.235
1835.518
2065.63
2138.654
2404.965
1993.992
2120.243
2050.141
2123.416
1823.581
2035.536
2117.19
1986.159
1908.699
2163.208
1828.4
2031.781
1809.348
2056.894
2084.272
2113.305
2007.449
2050.246
1924.979
1984.033
2112
1852.085
1956.433
1936.542
2004.675
1964.775
1805.656
2012.734
1948.082
2299.585
2077.787
1893.152
2098.373
1882.664
1867.055
1753.97
1903.328
1725.264
1943.341
1949.158
1848.365
1847.099
2039.272
1836.564
2136.388
1906.742
1803.152
2003.371
2184.184
1874.647
1822.896
2082.491
2294.501
1986.383
2055.815
2085.396
1902.633
1860.665
1802.213
2293.267
2165.421
2087.122
1794.793
1925.877
1757.132
1917.017
1809.694
2114.695
2173.124
2112.221
1965.326
1915.416
1934.247
1827.598
2065.142
2066.289
1799.967
1857.794
1957.629
1775.182
1732.784
2171.157
1958.479
1784.597
1902.907
2194.18
1849.359
1990.585
1699.116
1965.817
2142.802
2133.404
1784.661
1964.181
2037.798
2026.364
2042.179
1853.391
2008.385
1841.711
2135.664
2062.774
2070.879
2056.69
1816.091
1948.106
1966.729
2009.263
1968.753
1955.649
1933.099
1993.373
1914.118
2037.118
1912.288
1957.32
1988.564
2068.009
2054.457
2045.496
2046.204
2221.029
1982.124
1977.508
2000.973
1824.122
2002.349
1861.798
1887.611
1934.536
1712.462
1902.473
2013.443
1795.875
2114.798
2180.56
1883.198
2017.878
1861.168
2080.337
1953.497
1987.085
2010.303
1865.264
1919.949
1934.974
1875.893
1772.738
2058.039
1755.55
1899.735
2036.21
1929.781
2103.773
1995.947
1937.607
2101.063
2055.085
1921.651
2029.295
1879.474
2141.659
1897.654
1882.836
1881.223
1854.729
2022.388
2004.811
2058.426
2035.618
